-4.97750E-6	6.22507E-2	-4.83339E-3	2.02000E-5	8.89376E-1	1.07764E+1	4.78354E-8	3.44915E-6
-4.92750E-6	6.22563E-2	2.37175E-2	2.02500E-5	8.77988E-1	3.54394E-6	3.44517E-6	3.44801E-6
-4.87750E-6	6.22494E-2	-1.15746E-2	2.03000E-5	8.66759E-1	7.64640E-2	3.44548E-6	3.46061E-6
-4.82750E-6	6.22464E-2	-2.66431E-2	2.03500E-5	8.55687E-1	1.60407E-5	1.78825E-7	3.45032E-6
-4.77750E-6	6.22494E-2	-1.15746E-2	2.04000E-5	8.44771E-1	0.00000E+0	2.00000E+1	3.42723E-6
-4.72750E-6	6.22602E-2	4.35445E-2	2.04500E-5	8.34007E-1	0.00000E+0	0.00000E+0	3.42468E-6
-4.67750E-6	6.22511E-2	-2.85068E-3	2.05000E-5	8.23394E-1	0.00000E+0	0.00000E+0	3.41192E-6
-4.62750E-6	6.22565E-2	2.45106E-2	2.05500E-5	8.12930E-1	0.00000E+0	0.00000E+0	3.40870E-6
-4.57750E-6	6.22513E-2	-1.66106E-3	2.06000E-5	8.02613E-1	0.00000E+0	0.00000E+0	3.39264E-6
-4.52750E-6	6.22554E-2	1.89590E-2	2.06500E-5	7.92440E-1	0.00000E+0	0.00000E+0	3.36511E-6
-4.47750E-6	6.22587E-2	3.56137E-2	2.07000E-5	7.82409E-1	0.00000E+0	0.00000E+0	3.38838E-6
-4.42750E-6	6.22508E-2	-4.43685E-3	2.07500E-5	7.72519E-1	0.00000E+0	0.00000E+0	3.41690E-6
-4.37750E-6	6.22530E-2	6.66628E-3	2.08000E-5	7.62768E-1	0.00000E+0	0.00000E+0	3.41522E-6
-4.32750E-6	6.22445E-2	-3.61601E-2	2.08500E-5	7.53153E-1	0.00000E+0	0.00000E+0	3.42638E-6
-4.27750E-6	6.22495E-2	-1.11780E-2	2.09000E-5	7.43673E-1	0.00000E+0	0.00000E+0	3.46347E-6
-4.22750E-6	6.22566E-2	2.53037E-2	2.09500E-5	7.34325E-1	0.00000E+0	0.00000E+0	3.48537E-6
-4.17750E-6	6.22526E-2	4.68358E-3	2.10000E-5	7.25109E-1	0.00000E+0	0.00000E+0	3.48216E-6
-4.12750E-6	6.22527E-2	5.08012E-3	2.10500E-5	7.16022E-1	0.00000E+0	0.00000E+0	3.50128E-6
-4.07750E-6	6.22577E-2	3.04587E-2	2.11000E-5	7.07062E-1	0.00000E+0	0.00000E+0	3.54184E-6
-4.02750E-6	6.22577E-2	3.04587E-2	2.11500E-5	6.98228E-1	0.00000E+0	0.00000E+0	3.54394E-6
-3.97750E-6	6.22513E-2	-2.05760E-3	2.12000E-5	6.89517E-1	0.00000E+0	0.00000E+0	0.00000E+0
-3.92750E-6	6.22545E-2	1.45971E-2	2.12500E-5	6.80928E-1	0.00000E+0	0.00000E+0	0.00000E+0
-3.87750E-6	6.22559E-2	2.17348E-2	2.13000E-5	6.72460E-1	0.00000E+0	0.00000E+0	0.00000E+0
-3.82750E-6	6.22451E-2	-3.33843E-2	2.13500E-5	6.64111E-1	0.00000E+0	0.00000E+0	0.00000E+0
-3.77750E-6	6.22519E-2	1.11472E-3	2.14000E-5	6.55878E-1	0.00000E+0	0.00000E+0	0.00000E+0
-3.72750E-6	6.22521E-2	2.30434E-3	2.14500E-5	6.47761E-1	0.00000E+0	0.00000E+0	0.00000E+0
-3.67750E-6	6.22548E-2	1.57867E-2	2.15000E-5	6.39757E-1	0.00000E+0	0.00000E+0	0.00000E+0
-3.62750E-6	6.22532E-2	7.85591E-3	2.15500E-5	6.31865E-1	0.00000E+0	0.00000E+0	0.00000E+0
-3.57750E-6	6.22484E-2	-1.63331E-2	2.16000E-5	6.24085E-1	0.00000E+0	0.00000E+0	0.00000E+0
-3.52750E-6	6.22454E-2	-3.17981E-2	2.16500E-5	6.16413E-1	0.00000E+0	0.00000E+0	0.00000E+0
-3.47750E-6	6.22473E-2	-2.22812E-2	2.17000E-5	6.08848E-1	0.00000E+0	0.00000E+0	0.00000E+0
-3.42750E-6	6.22527E-2	5.47666E-3	2.17500E-5	6.01390E-1	0.00000E+0	0.00000E+0	0.00000E+0
-3.37750E-6	6.22537E-2	1.02351E-2	2.18000E-5	5.94036E-1	0.00000E+0	0.00000E+0	0.00000E+0
-3.32750E-6	6.22514E-2	-1.26452E-3	2.18500E-5	5.86785E-1	0.00000E+0	0.00000E+0	0.00000E+0
-3.27750E-6	6.22595E-2	3.99757E-2	2.19000E-5	5.79635E-1	0.00000E+0	0.00000E+0	0.00000E+0
-3.22750E-6	6.22490E-2	-1.35573E-2	2.19500E-5	5.72586E-1	0.00000E+0	0.00000E+0	0.00000E+0
-3.17750E-6	6.22566E-2	2.49071E-2	2.20000E-5	5.65636E-1	0.00000E+0	0.00000E+0	0.00000E+0
-3.12750E-6	6.22520E-2	1.90780E-3	2.20500E-5	5.58783E-1	0.00000E+0	0.00000E+0	0.00000E+0
-3.07750E-6	6.22482E-2	-1.75227E-2	2.21000E-5	5.52026E-1	0.00000E+0	0.00000E+0	0.00000E+0
-3.02750E-6	6.22457E-2	-3.02120E-2	2.21500E-5	5.45363E-1	0.00000E+0	0.00000E+0	0.00000E+0
-2.97750E-6	6.22524E-2	3.89050E-3	2.22000E-5	5.38794E-1	0.00000E+0	0.00000E+0	0.00000E+0
-2.92750E-6	6.22527E-2	5.08012E-3	2.22500E-5	5.32317E-1	0.00000E+0	0.00000E+0	0.00000E+0
-2.87750E-6	6.22475E-2	-2.10915E-2	2.23000E-5	5.25931E-1	0.00000E+0	0.00000E+0	0.00000E+0
-2.82750E-6	6.22641E-2	6.29750E-2	2.23500E-5	5.19634E-1	0.00000E+0	0.00000E+0	0.00000E+0
-2.77750E-6	6.22560E-2	2.21314E-2	2.24000E-5	5.13425E-1	0.00000E+0	0.00000E+0	0.00000E+0
-2.72750E-6	6.22494E-2	-1.15746E-2	2.24500E-5	5.07304E-1	0.00000E+0	0.00000E+0	0.00000E+0
-2.67750E-6	6.22489E-2	-1.39538E-2	2.25000E-5	5.01268E-1	0.00000E+0	0.00000E+0	0.00000E+0
-2.62750E-6	6.22466E-2	-2.58500E-2	2.25500E-5	4.95317E-1	0.00000E+0	0.00000E+0	0.00000E+0
-2.57750E-6	6.22448E-2	-3.49705E-2	2.26000E-5	4.89449E-1	0.00000E+0	0.00000E+0	0.00000E+0
-2.52750E-6	6.22498E-2	-9.59187E-3	2.26500E-5	4.83663E-1	0.00000E+0	0.00000E+0	0.00000E+0
-2.47750E-6	6.22463E-2	-2.70396E-2	2.27000E-5	4.77958E-1	0.00000E+0	0.00000E+0	0.00000E+0
-2.42750E-6	6.22480E-2	-1.87123E-2	2.27500E-5	4.72334E-1	0.00000E+0	0.00000E+0	0.00000E+0
-2.37750E-6	6.22494E-2	-1.15746E-2	2.28000E-5	4.66788E-1	0.00000E+0	0.00000E+0	0.00000E+0
-2.32750E-6	6.22502E-2	-7.21263E-3	2.28500E-5	4.61319E-1	0.00000E+0	0.00000E+0	0.00000E+0
-2.27750E-6	6.22518E-2	7.18179E-4	2.29000E-5	4.55928E-1	0.00000E+0	0.00000E+0	0.00000E+0
-2.22750E-6	6.22443E-2	-3.73497E-2	2.29500E-5	4.50612E-1	0.00000E+0	0.00000E+0	0.00000E+0
-2.17750E-6	6.22497E-2	-9.98841E-3	2.30000E-5	4.45370E-1	0.00000E+0	0.00000E+0	0.00000E+0
-2.12750E-6	6.22452E-2	-3.25912E-2	2.30500E-5	4.40202E-1	0.00000E+0	0.00000E+0	0.00000E+0
-2.07750E-6	6.22489E-2	-1.39538E-2	2.31000E-5	4.35106E-1	0.00000E+0	0.00000E+0	0.00000E+0
-2.02750E-6	6.22491E-2	-1.31607E-2	2.31500E-5	4.30082E-1	0.00000E+0	0.00000E+0	0.00000E+0
-1.97750E-6	6.22537E-2	1.06317E-2	2.32000E-5	4.25127E-1	0.00000E+0	0.00000E+0	0.00000E+0
-1.92750E-6	6.22505E-2	-5.62647E-3	2.32500E-5	4.20243E-1	0.00000E+0	0.00000E+0	0.00000E+0
-1.87750E-6	6.22537E-2	1.06317E-2	2.33000E-5	4.15427E-1	0.00000E+0	0.00000E+0	0.00000E+0
-1.82750E-6	6.22515E-2	-8.67983E-4	2.33500E-5	4.10678E-1	0.00000E+0	0.00000E+0	0.00000E+0
-1.77750E-6	6.22535E-2	9.44207E-3	2.34000E-5	4.05996E-1	0.00000E+0	0.00000E+0	0.00000E+0
-1.72750E-6	6.22483E-2	-1.71261E-2	2.34500E-5	4.01379E-1	0.00000E+0	0.00000E+0	0.00000E+0
-1.67750E-6	6.22490E-2	-1.35573E-2	2.35000E-5	3.96827E-1	0.00000E+0	0.00000E+0	0.00000E+0
-1.62750E-6	6.22541E-2	1.22179E-2	2.35500E-5	3.92339E-1	0.00000E+0	0.00000E+0	0.00000E+0
-1.57750E-6	6.22555E-2	1.93556E-2	2.36000E-5	3.87914E-1	0.00000E+0	0.00000E+0	0.00000E+0
-1.52750E-6	6.22484E-2	-1.63331E-2	2.36500E-5	3.83551E-1	0.00000E+0	0.00000E+0	0.00000E+0
-1.47750E-6	6.22487E-2	-1.51434E-2	2.37000E-5	3.79248E-1	0.00000E+0	0.00000E+0	0.00000E+0
-1.42750E-6	6.22495E-2	-1.07815E-2	2.37500E-5	3.75007E-1	0.00000E+0	0.00000E+0	0.00000E+0
-1.37750E-6	6.22518E-2	7.18179E-4	2.38000E-5	3.70824E-1	0.00000E+0	0.00000E+0	0.00000E+0
-1.32750E-6	6.22508E-2	-4.43685E-3	2.38500E-5	3.66700E-1	0.00000E+0	0.00000E+0	0.00000E+0
-1.27750E-6	6.22531E-2	7.45937E-3	2.39000E-5	3.62634E-1	0.00000E+0	0.00000E+0	0.00000E+0
-1.22750E-6	6.22607E-2	4.59238E-2	2.39500E-5	3.58625E-1	0.00000E+0	0.00000E+0	0.00000E+0
-1.17750E-6	6.22568E-2	2.60968E-2	2.40000E-5	3.54672E-1	0.00000E+0	0.00000E+0	0.00000E+0
-1.12750E-6	6.22479E-2	-1.91088E-2	2.40500E-5	3.50775E-1	0.00000E+0	0.00000E+0	0.00000E+0
-1.07750E-6	6.22559E-2	2.13383E-2	2.41000E-5	3.46932E-1	0.00000E+0	0.00000E+0	0.00000E+0
-1.02750E-6	6.22510E-2	-3.24723E-3	2.41500E-5	3.43143E-1	0.00000E+0	0.00000E+0	0.00000E+0
-9.77500E-7	6.22457E-2	-3.02120E-2	2.42000E-5	3.39406E-1	0.00000E+0	0.00000E+0	0.00000E+0
-9.27500E-7	6.22536E-2	9.83861E-3	2.42500E-5	3.35723E-1	0.00000E+0	0.00000E+0	0.00000E+0
-8.77500E-7	6.22443E-2	-3.73497E-2	2.43000E-5	3.32091E-1	0.00000E+0	0.00000E+0	0.00000E+0
-8.27500E-7	6.22507E-2	-4.83339E-3	2.43500E-5	3.28509E-1	0.00000E+0	0.00000E+0	0.00000E+0
-7.77500E-7	6.22613E-2	4.90961E-2	2.44000E-5	3.24978E-1	0.00000E+0	0.00000E+0	0.00000E+0
-7.27500E-7	6.22562E-2	2.33210E-2	2.44500E-5	3.21497E-1	0.00000E+0	0.00000E+0	0.00000E+0
-6.77500E-7	6.22572E-2	2.80795E-2	2.45000E-5	3.18064E-1	0.00000E+0	0.00000E+0	0.00000E+0
-6.27500E-7	6.22479E-2	-1.91088E-2	2.45500E-5	3.14679E-1	0.00000E+0	0.00000E+0	0.00000E+0
-5.77500E-7	6.22554E-2	1.89590E-2	2.46000E-5	3.11342E-1	0.00000E+0	0.00000E+0	0.00000E+0
-5.27500E-7	6.22569E-2	2.64933E-2	2.46500E-5	3.08052E-1	0.00000E+0	0.00000E+0	0.00000E+0
-4.77500E-7	6.22482E-2	-1.75227E-2	2.47000E-5	3.04807E-1	0.00000E+0	0.00000E+0	0.00000E+0
-4.27500E-7	6.22591E-2	3.79930E-2	2.47500E-5	3.01608E-1	0.00000E+0	0.00000E+0	0.00000E+0
-3.77500E-7	6.22532E-2	7.85591E-3	2.48000E-5	2.98454E-1	0.00000E+0	0.00000E+0	0.00000E+0
-3.27500E-7	6.22572E-2	2.80795E-2	2.48500E-5	2.95344E-1	0.00000E+0	0.00000E+0	0.00000E+0
-2.77500E-7	6.22523E-2	3.09742E-3	2.49000E-5	2.92278E-1	0.00000E+0	0.00000E+0	0.00000E+0
-2.27500E-7	6.22499E-2	-8.79879E-3	2.49500E-5	2.89254E-1	0.00000E+0	0.00000E+0	0.00000E+0
-1.77500E-7	6.22495E-2	-1.07815E-2	2.50000E-5	2.86273E-1	0.00000E+0	0.00000E+0	0.00000E+0
-1.27500E-7	6.22529E-2	6.26974E-3	2.50500E-5	2.83334E-1	0.00000E+0	0.00000E+0	0.00000E+0
-7.75000E-8	6.22460E-2	-2.86258E-2	2.51000E-5	2.80436E-1	0.00000E+0	0.00000E+0	0.00000E+0
-2.75000E-8	6.22498E-2	-9.59187E-3	2.51500E-5	2.77578E-1	0.00000E+0	0.00000E+0	0.00000E+0
2.25000E-8	6.22498E-2	-9.19533E-3	2.52000E-5	2.74760E-1	0.00000E+0	0.00000E+0	0.00000E+0
7.25000E-8	6.22520E-2	1.51126E-3	2.52500E-5	2.71982E-1	0.00000E+0	0.00000E+0	0.00000E+0
1.22500E-7	6.22523E-2	3.49396E-3	2.53000E-5	2.69243E-1	0.00000E+0	0.00000E+0	0.00000E+0
1.72500E-7	6.22550E-2	1.69763E-2	2.53500E-5	2.66543E-1	0.00000E+0	0.00000E+0	0.00000E+0
2.22500E-7	6.22527E-2	5.08012E-3	2.54000E-5	2.63880E-1	0.00000E+0	0.00000E+0	0.00000E+0
2.72500E-7	6.22532E-2	7.85591E-3	2.54500E-5	2.61254E-1	0.00000E+0	0.00000E+0	0.00000E+0
3.22500E-7	6.22547E-2	1.53902E-2	2.55000E-5	2.58665E-1	0.00000E+0	0.00000E+0	0.00000E+0
3.72500E-7	6.22618E-2	5.14754E-2	2.55500E-5	2.56113E-1	0.00000E+0	0.00000E+0	0.00000E+0
4.22500E-7	6.22626E-2	5.54408E-2	2.56000E-5	2.53596E-1	0.00000E+0	0.00000E+0	0.00000E+0
4.72500E-7	6.22645E-2	6.53543E-2	2.56500E-5	2.51114E-1	0.00000E+0	0.00000E+0	0.00000E+0
5.22500E-7	6.22662E-2	7.40782E-2	2.57000E-5	2.48668E-1	0.00000E+0	0.00000E+0	0.00000E+0
5.72500E-7	6.22728E-2	1.07388E-1	2.57500E-5	2.46255E-1	0.00000E+0	0.00000E+0	0.00000E+0
6.22500E-7	6.22753E-2	1.20077E-1	2.58000E-5	2.43876E-1	0.00000E+0	0.00000E+0	0.00000E+0
6.72500E-7	6.22761E-2	1.24042E-1	2.58500E-5	2.41531E-1	0.00000E+0	0.00000E+0	0.00000E+0
7.22500E-7	6.22829E-2	1.58541E-1	2.59000E-5	2.39218E-1	0.00000E+0	0.00000E+0	0.00000E+0
7.72500E-7	6.22864E-2	1.76386E-1	2.59500E-5	2.36938E-1	0.00000E+0	0.00000E+0	0.00000E+0
8.22500E-7	6.22867E-2	1.77972E-1	2.60000E-5	2.34690E-1	0.00000E+0	0.00000E+0	0.00000E+0
8.72500E-7	6.22912E-2	2.00971E-1	2.60500E-5	2.32474E-1	0.00000E+0	0.00000E+0	0.00000E+0
9.22500E-7	6.23016E-2	2.53711E-1	2.61000E-5	2.30288E-1	0.00000E+0	0.00000E+0	0.00000E+0
9.72500E-7	6.23056E-2	2.73935E-1	2.61500E-5	2.28133E-1	0.00000E+0	0.00000E+0	0.00000E+0
1.02250E-6	6.23023E-2	2.56883E-1	2.62000E-5	2.26008E-1	0.00000E+0	0.00000E+0	0.00000E+0
1.07250E-6	6.23109E-2	3.00899E-1	2.62500E-5	2.23913E-1	0.00000E+0	0.00000E+0	0.00000E+0
1.12250E-6	6.23206E-2	3.50070E-1	2.63000E-5	2.21847E-1	0.00000E+0	0.00000E+0	0.00000E+0
1.17250E-6	6.23156E-2	3.24692E-1	2.63500E-5	2.19811E-1	0.00000E+0	0.00000E+0	0.00000E+0
1.22250E-6	6.23088E-2	2.90193E-1	2.64000E-5	2.17802E-1	0.00000E+0	0.00000E+0	0.00000E+0
1.27250E-6	6.23159E-2	3.25881E-1	2.64500E-5	2.15822E-1	0.00000E+0	0.00000E+0	0.00000E+0
1.32250E-6	6.23225E-2	3.59587E-1	2.65000E-5	2.13870E-1	0.00000E+0	0.00000E+0	0.00000E+0
1.37250E-6	6.23231E-2	3.62760E-1	2.65500E-5	2.11945E-1	0.00000E+0	0.00000E+0	0.00000E+0
1.42250E-6	6.23210E-2	3.52053E-1	2.66000E-5	2.10047E-1	0.00000E+0	0.00000E+0	0.00000E+0
1.47250E-6	6.23391E-2	4.43654E-1	2.66500E-5	2.08175E-1	0.00000E+0	0.00000E+0	0.00000E+0
1.52250E-6	6.23401E-2	4.48809E-1	2.67000E-5	2.06330E-1	0.00000E+0	0.00000E+0	0.00000E+0
1.57250E-6	6.23372E-2	4.34137E-1	2.67500E-5	2.04511E-1	0.00000E+0	0.00000E+0	0.00000E+0
1.62250E-6	6.23389E-2	4.42861E-1	2.68000E-5	2.02717E-1	0.00000E+0	0.00000E+0	0.00000E+0
1.67250E-6	6.23364E-2	4.30171E-1	2.68500E-5	2.00948E-1	0.00000E+0	0.00000E+0	0.00000E+0
1.72250E-6	6.23334E-2	4.14706E-1	2.69000E-5	1.99204E-1	0.00000E+0	0.00000E+0	0.00000E+0
1.77250E-6	6.23395E-2	4.45637E-1	2.69500E-5	1.97485E-1	0.00000E+0	0.00000E+0	0.00000E+0
1.82250E-6	6.23358E-2	4.26999E-1	2.70000E-5	1.95789E-1	0.00000E+0	0.00000E+0	0.00000E+0
1.87250E-6	6.23392E-2	4.44447E-1	2.70500E-5	1.94118E-1	0.00000E+0	0.00000E+0	0.00000E+0
1.92250E-6	6.23423E-2	4.59912E-1	2.71000E-5	1.92469E-1	0.00000E+0	0.00000E+0	0.00000E+0
1.97250E-6	6.23433E-2	4.65067E-1	2.71500E-5	1.90844E-1	0.00000E+0	0.00000E+0	0.00000E+0
2.02250E-6	6.23475E-2	4.86480E-1	2.72000E-5	1.89242E-1	0.00000E+0	0.00000E+0	0.00000E+0
2.07250E-6	6.23549E-2	5.24152E-1	2.72500E-5	1.87662E-1	0.00000E+0	0.00000E+0	0.00000E+0
2.12250E-6	6.23531E-2	5.15031E-1	2.73000E-5	1.86104E-1	0.00000E+0	0.00000E+0	0.00000E+0
2.17250E-6	6.23505E-2	5.01549E-1	2.73500E-5	1.84568E-1	0.00000E+0	0.00000E+0	0.00000E+0
2.22250E-6	6.23547E-2	5.22962E-1	2.74000E-5	1.83053E-1	0.00000E+0	0.00000E+0	0.00000E+0
2.27250E-6	6.23533E-2	5.15824E-1	2.74500E-5	1.81560E-1	0.00000E+0	0.00000E+0	0.00000E+0
2.32250E-6	6.23576E-2	5.37634E-1	2.75000E-5	1.80088E-1	0.00000E+0	0.00000E+0	0.00000E+0
2.37250E-6	6.23598E-2	5.48737E-1	2.75500E-5	1.78636E-1	0.00000E+0	0.00000E+0	0.00000E+0
2.42250E-6	6.23581E-2	5.40410E-1	2.76000E-5	1.77205E-1	0.00000E+0	0.00000E+0	0.00000E+0
2.47250E-6	6.23580E-2	5.40013E-1	2.76500E-5	1.75793E-1	0.00000E+0	0.00000E+0	0.00000E+0
2.52250E-6	6.23619E-2	5.59444E-1	2.77000E-5	1.74402E-1	0.00000E+0	0.00000E+0	0.00000E+0
2.57250E-6	6.23723E-2	6.12580E-1	2.77500E-5	1.73030E-1	0.00000E+0	0.00000E+0	0.00000E+0
2.62250E-6	6.23605E-2	5.52702E-1	2.78000E-5	1.71677E-1	0.00000E+0	0.00000E+0	0.00000E+0
2.67250E-6	6.23598E-2	5.48737E-1	2.78500E-5	1.70343E-1	0.00000E+0	0.00000E+0	0.00000E+0
2.72250E-6	6.23563E-2	5.31289E-1	2.79000E-5	1.69028E-1	0.00000E+0	0.00000E+0	0.00000E+0
2.77250E-6	6.23567E-2	5.33272E-1	2.79500E-5	1.67731E-1	0.00000E+0	0.00000E+0	0.00000E+0
2.82250E-6	6.23680E-2	5.90770E-1	2.80000E-5	1.66452E-1	0.00000E+0	0.00000E+0	0.00000E+0
2.87250E-6	6.23681E-2	5.91167E-1	2.80500E-5	1.65192E-1	0.00000E+0	0.00000E+0	0.00000E+0
2.92250E-6	6.23605E-2	5.52702E-1	2.81000E-5	1.63949E-1	0.00000E+0	0.00000E+0	0.00000E+0
2.97250E-6	6.23592E-2	5.45961E-1	2.81500E-5	1.62723E-1	0.00000E+0	0.00000E+0	0.00000E+0
3.02250E-6	6.23698E-2	5.99891E-1	2.82000E-5	1.61515E-1	0.00000E+0	0.00000E+0	0.00000E+0
3.07250E-6	6.23627E-2	5.63409E-1	2.82500E-5	1.60323E-1	0.00000E+0	0.00000E+0	0.00000E+0
3.12250E-6	6.23645E-2	5.72926E-1	2.83000E-5	1.59148E-1	0.00000E+0	0.00000E+0	0.00000E+0
3.17250E-6	6.23749E-2	6.25666E-1	2.83500E-5	1.57990E-1	0.00000E+0	0.00000E+0	0.00000E+0
3.22250E-6	6.23620E-2	5.60237E-1	2.84000E-5	1.56848E-1	0.00000E+0	0.00000E+0	0.00000E+0
3.27250E-6	6.23719E-2	6.10201E-1	2.84500E-5	1.55722E-1	0.00000E+0	0.00000E+0	0.00000E+0
3.32250E-6	6.23826E-2	6.64527E-1	2.85000E-5	1.54611E-1	0.00000E+0	0.00000E+0	0.00000E+0
3.37250E-6	6.23737E-2	6.19718E-1	2.85500E-5	1.53516E-1	0.00000E+0	0.00000E+0	0.00000E+0
3.42250E-6	6.23830E-2	6.66906E-1	2.86000E-5	1.52437E-1	0.00000E+0	0.00000E+0	0.00000E+0
3.47250E-6	6.23720E-2	6.10994E-1	2.86500E-5	1.51373E-1	0.00000E+0	0.00000E+0	0.00000E+0
3.52250E-6	6.23715E-2	6.08218E-1	2.87000E-5	1.50323E-1	0.00000E+0	0.00000E+0	0.00000E+0
3.57250E-6	6.23770E-2	6.35976E-1	2.87500E-5	1.49288E-1	0.00000E+0	0.00000E+0	0.00000E+0
3.62250E-6	6.23711E-2	6.06235E-1	2.88000E-5	1.48268E-1	0.00000E+0	0.00000E+0	0.00000E+0
3.67250E-6	6.23781E-2	6.41924E-1	2.88500E-5	1.47262E-1	0.00000E+0	0.00000E+0	0.00000E+0
3.72250E-6	6.23777E-2	6.39941E-1	2.89000E-5	1.46270E-1	0.00000E+0	0.00000E+0	0.00000E+0
3.77250E-6	6.23680E-2	5.90770E-1	2.89500E-5	1.45293E-1	0.00000E+0	0.00000E+0	0.00000E+0
3.82250E-6	6.23842E-2	6.72854E-1	2.90000E-5	1.44328E-1	0.00000E+0	0.00000E+0	0.00000E+0
3.87250E-6	6.23799E-2	6.51044E-1	2.90500E-5	1.43378E-1	0.00000E+0	0.00000E+0	0.00000E+0
3.92250E-6	6.23705E-2	6.03063E-1	2.91000E-5	1.42440E-1	0.00000E+0	0.00000E+0	0.00000E+0
3.97250E-6	6.23823E-2	6.62941E-1	2.91500E-5	1.41516E-1	0.00000E+0	0.00000E+0	0.00000E+0
4.02250E-6	6.23741E-2	6.21700E-1	2.92000E-5	1.40604E-1	0.00000E+0	0.00000E+0	0.00000E+0
4.07250E-6	6.23816E-2	6.59372E-1	2.92500E-5	1.39706E-1	0.00000E+0	0.00000E+0	0.00000E+0
4.12250E-6	6.23838E-2	6.70475E-1	2.93000E-5	1.38820E-1	0.00000E+0	0.00000E+0	0.00000E+0
4.17250E-6	6.23847E-2	6.75233E-1	2.93500E-5	1.37946E-1	0.00000E+0	0.00000E+0	0.00000E+0
4.22250E-6	6.23875E-2	6.89509E-1	2.94000E-5	1.37085E-1	0.00000E+0	0.00000E+0	0.00000E+0
4.27250E-6	6.23916E-2	7.10526E-1	2.94500E-5	1.36236E-1	0.00000E+0	0.00000E+0	0.00000E+0
4.32250E-6	6.23828E-2	6.65716E-1	2.95000E-5	1.35398E-1	0.00000E+0	0.00000E+0	0.00000E+0
4.37250E-6	6.23911E-2	7.07750E-1	2.95500E-5	1.34573E-1	0.00000E+0	0.00000E+0	0.00000E+0
4.42250E-6	6.23876E-2	6.89905E-1	2.96000E-5	1.33759E-1	0.00000E+0	0.00000E+0	0.00000E+0
4.47250E-6	6.23827E-2	6.65320E-1	2.96500E-5	1.32956E-1	0.00000E+0	0.00000E+0	0.00000E+0
4.52250E-6	6.23916E-2	7.10129E-1	2.97000E-5	1.32164E-1	0.00000E+0	0.00000E+0	0.00000E+0
4.57250E-6	6.23873E-2	6.88716E-1	2.97500E-5	1.31384E-1	0.00000E+0	0.00000E+0	0.00000E+0
4.62250E-6	6.23877E-2	6.90698E-1	2.98000E-5	1.30615E-1	0.00000E+0	0.00000E+0	0.00000E+0
4.67250E-6	6.23952E-2	7.28766E-1	2.98500E-5	1.29856E-1	0.00000E+0	0.00000E+0	0.00000E+0
4.72250E-6	6.23868E-2	6.85940E-1	2.99000E-5	1.29108E-1	0.00000E+0	0.00000E+0	0.00000E+0
4.77250E-6	6.23984E-2	7.44628E-1	2.99500E-5	1.28371E-1	0.00000E+0	0.00000E+0	0.00000E+0
4.82250E-6	6.23916E-2	7.10526E-1	3.00000E-5	1.27643E-1	0.00000E+0	0.00000E+0	0.00000E+0
4.87250E-6	6.23913E-2	7.08939E-1	3.00500E-5	1.26926E-1	0.00000E+0	0.00000E+0	0.00000E+0
4.92250E-6	6.23915E-2	7.09732E-1	3.01000E-5	1.26219E-1	0.00000E+0	0.00000E+0	0.00000E+0
4.97250E-6	6.23844E-2	6.73647E-1	3.01500E-5	1.25522E-1	0.00000E+0	0.00000E+0	0.00000E+0
5.02250E-6	6.23945E-2	7.24801E-1	3.02000E-5	1.24835E-1	0.00000E+0	0.00000E+0	0.00000E+0
5.07250E-6	6.23928E-2	7.16474E-1	3.02500E-5	1.24157E-1	0.00000E+0	0.00000E+0	0.00000E+0
5.12250E-6	6.23948E-2	7.26387E-1	3.03000E-5	1.23489E-1	0.00000E+0	0.00000E+0	0.00000E+0
5.17250E-6	6.23877E-2	6.90302E-1	3.03500E-5	1.22830E-1	0.00000E+0	0.00000E+0	0.00000E+0
5.22250E-6	6.23949E-2	7.27180E-1	3.04000E-5	1.22181E-1	0.00000E+0	0.00000E+0	0.00000E+0
5.27250E-6	6.23972E-2	7.38680E-1	3.04500E-5	1.21540E-1	0.00000E+0	0.00000E+0	0.00000E+0
5.32250E-6	6.23973E-2	7.39473E-1	3.05000E-5	1.20909E-1	0.00000E+0	0.00000E+0	0.00000E+0
5.37250E-6	6.23901E-2	7.02595E-1	3.05500E-5	1.20286E-1	0.00000E+0	0.00000E+0	0.00000E+0
5.42250E-6	6.23939E-2	7.22025E-1	3.06000E-5	1.19672E-1	0.00000E+0	0.00000E+0	0.00000E+0
5.47250E-6	6.23959E-2	7.32335E-1	3.06500E-5	1.19067E-1	0.00000E+0	0.00000E+0	0.00000E+0
5.52250E-6	6.23944E-2	7.24404E-1	3.07000E-5	1.18470E-1	0.00000E+0	0.00000E+0	0.00000E+0
5.57250E-6	6.24002E-2	7.54145E-1	3.07500E-5	1.17882E-1	0.00000E+0	0.00000E+0	0.00000E+0
5.62250E-6	6.23969E-2	7.37094E-1	3.08000E-5	1.17301E-1	0.00000E+0	0.00000E+0	0.00000E+0
5.67250E-6	6.24055E-2	7.81110E-1	3.08500E-5	1.16729E-1	0.00000E+0	0.00000E+0	0.00000E+0
5.72250E-6	6.23945E-2	7.24801E-1	3.09000E-5	1.16165E-1	0.00000E+0	0.00000E+0	0.00000E+0
5.77250E-6	6.24040E-2	7.73179E-1	3.09500E-5	1.15609E-1	0.00000E+0	0.00000E+0	0.00000E+0
5.82250E-6	6.24016E-2	7.61283E-1	3.10000E-5	1.15061E-1	0.00000E+0	0.00000E+0	0.00000E+0
5.87250E-6	6.23964E-2	7.34714E-1	3.10500E-5	1.14520E-1	0.00000E+0	0.00000E+0	0.00000E+0
5.92250E-6	6.23967E-2	7.36301E-1	3.11000E-5	1.13987E-1	0.00000E+0	0.00000E+0	0.00000E+0
5.97250E-6	6.23999E-2	7.52559E-1	3.11500E-5	1.13461E-1	0.00000E+0	0.00000E+0	0.00000E+0
6.02250E-6	6.24016E-2	7.60886E-1	3.12000E-5	1.12943E-1	0.00000E+0	0.00000E+0	0.00000E+0
6.07250E-6	6.24055E-2	7.80713E-1	3.12500E-5	1.12432E-1	0.00000E+0	0.00000E+0	0.00000E+0
6.12250E-6	6.24034E-2	7.70007E-1	3.13000E-5	1.11928E-1	0.00000E+0	0.00000E+0	0.00000E+0
6.17250E-6	6.24082E-2	7.94592E-1	3.13500E-5	1.11431E-1	0.00000E+0	0.00000E+0	0.00000E+0
6.22250E-6	6.24116E-2	8.11643E-1	3.14000E-5	1.10941E-1	0.00000E+0	0.00000E+0	0.00000E+0
6.27250E-6	6.24073E-2	7.90230E-1	3.14500E-5	1.10458E-1	0.00000E+0	0.00000E+0	0.00000E+0
6.32250E-6	6.24105E-2	8.06092E-1	3.15000E-5	1.09982E-1	0.00000E+0	0.00000E+0	0.00000E+0
6.37250E-6	6.24066E-2	7.86265E-1	3.15500E-5	1.09512E-1	0.00000E+0	0.00000E+0	0.00000E+0
6.42250E-6	6.24025E-2	7.65645E-1	3.16000E-5	1.09049E-1	0.00000E+0	0.00000E+0	0.00000E+0
6.47250E-6	6.24066E-2	7.86265E-1	3.16500E-5	1.08593E-1	0.00000E+0	0.00000E+0	0.00000E+0
6.52250E-6	6.24075E-2	7.91023E-1	3.17000E-5	1.08143E-1	0.00000E+0	0.00000E+0	0.00000E+0
6.57250E-6	6.24127E-2	8.17591E-1	3.17500E-5	1.07699E-1	0.00000E+0	0.00000E+0	0.00000E+0
6.62250E-6	6.24059E-2	7.83092E-1	3.18000E-5	1.07261E-1	0.00000E+0	0.00000E+0	0.00000E+0
6.67250E-6	6.24117E-2	8.12436E-1	3.18500E-5	1.06830E-1	0.00000E+0	0.00000E+0	0.00000E+0
6.72250E-6	6.24102E-2	8.04902E-1	3.19000E-5	1.06404E-1	0.00000E+0	0.00000E+0	0.00000E+0
6.77250E-6	6.24126E-2	8.16798E-1	3.19500E-5	1.05985E-1	0.00000E+0	0.00000E+0	0.00000E+0
6.82250E-6	6.24074E-2	7.90627E-1	3.20000E-5	1.05571E-1	0.00000E+0	0.00000E+0	0.00000E+0
6.87250E-6	6.24080E-2	7.93799E-1	3.20500E-5	1.05164E-1	0.00000E+0	0.00000E+0	0.00000E+0
6.92250E-6	6.24091E-2	7.99351E-1	3.21000E-5	1.04762E-1	0.00000E+0	0.00000E+0	0.00000E+0
6.97250E-6	6.24105E-2	8.06488E-1	3.21500E-5	1.04365E-1	0.00000E+0	0.00000E+0	0.00000E+0
7.02250E-6	6.24120E-2	8.13626E-1	3.22000E-5	1.03974E-1	0.00000E+0	0.00000E+0	0.00000E+0
7.07250E-6	6.24086E-2	7.96575E-1	3.22500E-5	1.03589E-1	0.00000E+0	0.00000E+0	0.00000E+0
7.12250E-6	6.24086E-2	7.96575E-1	3.23000E-5	1.03209E-1	0.00000E+0	0.00000E+0	0.00000E+0
7.17250E-6	6.24119E-2	8.13229E-1	3.23500E-5	1.02834E-1	0.00000E+0	0.00000E+0	0.00000E+0
7.22250E-6	6.24108E-2	8.07678E-1	3.24000E-5	1.02465E-1	0.00000E+0	0.00000E+0	0.00000E+0
7.27250E-6	6.24127E-2	8.17195E-1	3.24500E-5	1.02100E-1	0.00000E+0	0.00000E+0	0.00000E+0
7.32250E-6	6.24109E-2	8.08471E-1	3.25000E-5	1.01741E-1	0.00000E+0	0.00000E+0	0.00000E+0
7.37250E-6	6.24151E-2	8.29488E-1	3.25500E-5	1.01387E-1	0.00000E+0	0.00000E+0	0.00000E+0
7.42250E-6	6.24070E-2	7.88644E-1	3.26000E-5	1.01038E-1	0.00000E+0	0.00000E+0	0.00000E+0
7.47250E-6	6.24139E-2	8.23540E-1	3.26500E-5	1.00694E-1	0.00000E+0	0.00000E+0	0.00000E+0
7.52250E-6	6.24126E-2	8.16798E-1	3.27000E-5	1.00354E-1	0.00000E+0	0.00000E+0	0.00000E+0
7.57250E-6	6.24067E-2	7.87058E-1	3.27500E-5	1.00020E-1	0.00000E+0	0.00000E+0	0.00000E+0
7.62250E-6	6.24118E-2	8.12833E-1	3.28000E-5	9.96896E-2	0.00000E+0	0.00000E+0	0.00000E+0
7.67250E-6	6.24111E-2	8.09264E-1	3.28500E-5	9.93642E-2	0.00000E+0	0.00000E+0	0.00000E+0
7.72250E-6	6.24095E-2	8.00937E-1	3.29000E-5	9.90434E-2	0.00000E+0	0.00000E+0	0.00000E+0
7.77250E-6	6.24137E-2	8.22746E-1	3.29500E-5	9.87271E-2	0.00000E+0	0.00000E+0	0.00000E+0
7.82250E-6	6.24154E-2	8.31074E-1	3.30000E-5	9.84152E-2	0.00000E+0	0.00000E+0	0.00000E+0
7.87250E-6	6.24270E-2	8.90158E-1	3.30500E-5	9.81077E-2	0.00000E+0	0.00000E+0	0.00000E+0
7.92250E-6	6.24087E-2	7.96971E-1	3.31000E-5	9.78044E-2	0.00000E+0	0.00000E+0	0.00000E+0
7.97250E-6	6.24216E-2	8.62797E-1	3.31500E-5	9.75055E-2	0.00000E+0	0.00000E+0	0.00000E+0
8.02250E-6	6.24198E-2	8.53280E-1	3.32000E-5	9.72107E-2	0.00000E+0	0.00000E+0	0.00000E+0
8.07250E-6	6.24181E-2	8.44953E-1	3.32500E-5	9.69200E-2	0.00000E+0	0.00000E+0	0.00000E+0
8.12250E-6	6.24174E-2	8.41384E-1	3.33000E-5	9.66335E-2	0.00000E+0	0.00000E+0	0.00000E+0
8.17250E-6	6.24125E-2	8.16402E-1	3.33500E-5	9.63509E-2	0.00000E+0	0.00000E+0	0.00000E+0
8.22250E-6	6.24122E-2	8.14816E-1	3.34000E-5	9.60723E-2	0.00000E+0	0.00000E+0	0.00000E+0
8.27250E-6	6.24105E-2	8.06488E-1	3.34500E-5	9.57976E-2	0.00000E+0	0.00000E+0	0.00000E+0
8.32250E-6	6.24166E-2	8.37022E-1	3.35000E-5	9.55267E-2	0.00000E+0	0.00000E+0	0.00000E+0
8.37250E-6	6.24173E-2	8.40987E-1	3.35500E-5	9.52597E-2	0.00000E+0	0.00000E+0	0.00000E+0
8.42250E-6	6.24127E-2	8.17591E-1	3.36000E-5	9.49964E-2	0.00000E+0	0.00000E+0	0.00000E+0
8.47250E-6	6.24201E-2	8.54866E-1	3.36500E-5	9.47367E-2	0.00000E+0	0.00000E+0	0.00000E+0
8.52250E-6	6.24159E-2	8.33453E-1	3.37000E-5	9.44807E-2	0.00000E+0	0.00000E+0	0.00000E+0
8.57250E-6	6.24130E-2	8.19178E-1	3.37500E-5	9.42283E-2	0.00000E+0	0.00000E+0	0.00000E+0
8.62250E-6	6.24105E-2	8.06092E-1	3.38000E-5	9.39795E-2	0.00000E+0	0.00000E+0	0.00000E+0
8.67250E-6	6.24152E-2	8.29884E-1	3.38500E-5	9.37341E-2	0.00000E+0	0.00000E+0	0.00000E+0
8.72250E-6	6.24152E-2	8.30281E-1	3.39000E-5	9.34921E-2	0.00000E+0	0.00000E+0	0.00000E+0
8.77250E-6	6.24166E-2	8.37022E-1	3.39500E-5	9.32536E-2	0.00000E+0	0.00000E+0	0.00000E+0
8.82250E-6	6.24137E-2	8.22746E-1	3.40000E-5	9.30184E-2	0.00000E+0	0.00000E+0	0.00000E+0
8.87250E-6	6.24162E-2	8.35436E-1	3.40500E-5	9.27864E-2	0.00000E+0	0.00000E+0	0.00000E+0
8.92250E-6	6.24109E-2	8.08471E-1	3.41000E-5	9.25578E-2	0.00000E+0	0.00000E+0	0.00000E+0
8.97250E-6	6.24236E-2	8.72711E-1	3.41500E-5	9.23323E-2	0.00000E+0	0.00000E+0	0.00000E+0
9.02250E-6	6.24155E-2	8.31470E-1	3.42000E-5	9.21100E-2	0.00000E+0	0.00000E+0	0.00000E+0
9.07250E-6	6.24252E-2	8.81038E-1	3.42500E-5	9.18908E-2	0.00000E+0	0.00000E+0	0.00000E+0
9.12250E-6	6.24230E-2	8.69935E-1	3.43000E-5	9.16747E-2	0.00000E+0	0.00000E+0	0.00000E+0
9.17250E-6	6.24202E-2	8.55659E-1	3.43500E-5	9.14616E-2	0.00000E+0	0.00000E+0	0.00000E+0
9.22250E-6	6.24272E-2	8.90951E-1	3.44000E-5	9.12515E-2	0.00000E+0	0.00000E+0	0.00000E+0
9.27250E-6	6.24172E-2	8.40194E-1	3.44500E-5	9.10443E-2	0.00000E+0	0.00000E+0	0.00000E+0
9.32250E-6	6.24278E-2	8.94124E-1	3.45000E-5	9.08401E-2	0.00000E+0	0.00000E+0	0.00000E+0
9.37250E-6	6.24186E-2	8.47332E-1	3.45500E-5	9.06386E-2	0.00000E+0	0.00000E+0	0.00000E+0
9.42250E-6	6.24182E-2	8.45349E-1	3.46000E-5	9.04401E-2	0.00000E+0	0.00000E+0	0.00000E+0
9.47250E-6	6.24186E-2	8.47332E-1	3.46500E-5	9.02443E-2	0.00000E+0	0.00000E+0	0.00000E+0
9.52250E-6	6.24224E-2	8.66762E-1	3.47000E-5	9.00512E-2	0.00000E+0	0.00000E+0	0.00000E+0
9.57250E-6	6.24170E-2	8.39401E-1	3.47500E-5	8.98609E-2	0.00000E+0	0.00000E+0	0.00000E+0
9.62250E-6	6.24208E-2	8.58435E-1	3.48000E-5	8.96732E-2	0.00000E+0	0.00000E+0	0.00000E+0
9.67250E-6	6.24121E-2	8.14419E-1	3.48500E-5	8.94881E-2	0.00000E+0	0.00000E+0	0.00000E+0
9.72250E-6	6.24238E-2	8.73504E-1	3.49000E-5	8.93057E-2	0.00000E+0	0.00000E+0	0.00000E+0
9.77250E-6	6.24236E-2	8.72711E-1	3.49500E-5	8.91258E-2	0.00000E+0	0.00000E+0	0.00000E+0
9.82250E-6	6.24303E-2	9.06813E-1	3.50000E-5	8.89484E-2	0.00000E+0	0.00000E+0	0.00000E+0
9.87250E-6	6.24251E-2	8.80245E-1	3.50500E-5	8.87735E-2	0.00000E+0	0.00000E+0	0.00000E+0
9.92250E-6	6.24241E-2	8.75486E-1	3.51000E-5	8.86010E-2	0.00000E+0	0.00000E+0	0.00000E+0
9.97250E-6	6.24259E-2	8.84607E-1	3.51500E-5	8.84310E-2	0.00000E+0	0.00000E+0	0.00000E+0
1.00225E-5	6.24320E-2	9.15537E-1	3.52000E-5	8.82633E-2	0.00000E+0	0.00000E+0	0.00000E+0
1.00725E-5	6.24238E-2	8.73900E-1	3.52500E-5	8.80980E-2	0.00000E+0	0.00000E+0	0.00000E+0
1.01225E-5	6.24245E-2	8.77072E-1	3.53000E-5	8.79350E-2	0.00000E+0	0.00000E+0	0.00000E+0
1.01725E-5	6.24120E-2	8.13626E-1	3.53500E-5	8.77743E-2	0.00000E+0	0.00000E+0	0.00000E+0
1.02225E-5	6.24172E-2	8.40194E-1	3.54000E-5	8.76159E-2	0.00000E+0	0.00000E+0	0.00000E+0
1.02725E-5	6.24190E-2	8.49315E-1	3.54500E-5	8.74597E-2	0.00000E+0	0.00000E+0	0.00000E+0
1.03225E-5	6.24255E-2	8.82624E-1	3.55000E-5	8.73056E-2	0.00000E+0	0.00000E+0	0.00000E+0
1.03725E-5	6.24206E-2	8.57642E-1	3.55500E-5	8.71537E-2	0.00000E+0	0.00000E+0	0.00000E+0
1.04225E-5	6.24271E-2	8.90555E-1	3.56000E-5	8.70040E-2	0.00000E+0	0.00000E+0	0.00000E+0
1.04725E-5	6.24228E-2	8.68745E-1	3.56500E-5	8.68563E-2	0.00000E+0	0.00000E+0	0.00000E+0
1.05225E-5	6.24250E-2	8.79848E-1	3.57000E-5	8.67107E-2	0.00000E+0	0.00000E+0	0.00000E+0
1.05725E-5	6.24204E-2	8.56452E-1	3.57500E-5	8.65672E-2	0.00000E+0	0.00000E+0	0.00000E+0
1.06225E-5	6.24249E-2	8.79452E-1	3.58000E-5	8.64256E-2	0.00000E+0	0.00000E+0	0.00000E+0
1.06725E-5	6.24243E-2	8.76279E-1	3.58500E-5	8.62861E-2	0.00000E+0	0.00000E+0	0.00000E+0
1.07225E-5	6.24280E-2	8.94917E-1	3.59000E-5	8.61485E-2	0.00000E+0	0.00000E+0	0.00000E+0
1.07725E-5	6.24221E-2	8.65176E-1	3.59500E-5	8.60128E-2	0.00000E+0	0.00000E+0	0.00000E+0
1.08225E-5	6.24187E-2	8.48125E-1	3.60000E-5	8.58790E-2	0.00000E+0	0.00000E+0	0.00000E+0
1.08725E-5	6.24232E-2	8.70728E-1	3.60500E-5	8.57471E-2	0.00000E+0	0.00000E+0	0.00000E+0
1.09225E-5	6.24207E-2	8.58039E-1	3.61000E-5	8.56171E-2	0.00000E+0	0.00000E+0	0.00000E+0
1.09725E-5	6.24177E-2	8.42970E-1	3.61500E-5	8.54888E-2	0.00000E+0	0.00000E+0	0.00000E+0
1.10225E-5	6.24324E-2	9.17520E-1	3.62000E-5	8.53624E-2	0.00000E+0	0.00000E+0	0.00000E+0
1.10725E-5	6.24223E-2	8.65969E-1	3.62500E-5	8.52377E-2	0.00000E+0	0.00000E+0	0.00000E+0
1.11225E-5	6.24230E-2	8.69538E-1	3.63000E-5	8.51148E-2	0.00000E+0	0.00000E+0	0.00000E+0
1.11725E-5	6.24323E-2	9.17123E-1	3.63500E-5	8.49936E-2	0.00000E+0	0.00000E+0	0.00000E+0
1.12225E-5	6.24261E-2	8.85400E-1	3.64000E-5	8.48741E-2	0.00000E+0	0.00000E+0	0.00000E+0
1.12725E-5	6.24277E-2	8.93727E-1	3.64500E-5	8.47563E-2	0.00000E+0	0.00000E+0	0.00000E+0
1.13225E-5	6.24339E-2	9.25054E-1	3.65000E-5	8.46401E-2	0.00000E+0	0.00000E+0	0.00000E+0
1.13725E-5	6.24294E-2	9.02055E-1	3.65500E-5	8.45256E-2	0.00000E+0	0.00000E+0	0.00000E+0
1.14225E-5	6.24361E-2	9.36157E-1	3.66000E-5	8.44127E-2	0.00000E+0	0.00000E+0	0.00000E+0
1.14725E-5	6.24287E-2	8.98486E-1	3.66500E-5	8.43013E-2	0.00000E+0	0.00000E+0	0.00000E+0
1.15225E-5	6.24273E-2	8.91348E-1	3.67000E-5	8.41915E-2	0.00000E+0	0.00000E+0	0.00000E+0
1.15725E-5	6.24273E-2	8.91744E-1	3.67500E-5	8.40832E-2	0.00000E+0	0.00000E+0	0.00000E+0
1.16225E-5	6.24245E-2	8.77469E-1	3.68000E-5	8.39765E-2	0.00000E+0	0.00000E+0	0.00000E+0
1.16725E-5	6.24298E-2	9.04037E-1	3.68500E-5	8.38713E-2	0.00000E+0	0.00000E+0	0.00000E+0
1.17225E-5	6.24295E-2	9.02451E-1	3.69000E-5	8.37675E-2	0.00000E+0	0.00000E+0	0.00000E+0
1.17725E-5	6.24252E-2	8.81038E-1	3.69500E-5	8.36652E-2	0.00000E+0	0.00000E+0	0.00000E+0
1.18225E-5	6.24287E-2	8.98882E-1	3.70000E-5	8.35643E-2	0.00000E+0	0.00000E+0	0.00000E+0
1.18725E-5	6.24234E-2	8.71521E-1	3.70500E-5	8.34648E-2	0.00000E+0	0.00000E+0	0.00000E+0
1.19225E-5	6.24249E-2	8.79452E-1	3.71000E-5	8.33667E-2	0.00000E+0	0.00000E+0	0.00000E+0
1.19725E-5	6.24330E-2	9.20295E-1	3.71500E-5	8.32700E-2	0.00000E+0	0.00000E+0	0.00000E+0
1.20225E-5	6.24259E-2	8.84210E-1	3.72000E-5	8.31747E-2	0.00000E+0	0.00000E+0	0.00000E+0
1.20725E-5	6.24337E-2	9.23864E-1	3.72500E-5	8.30807E-2	0.00000E+0	0.00000E+0	0.00000E+0
1.21225E-5	6.24259E-2	8.84607E-1	3.73000E-5	8.29880E-2	0.00000E+0	0.00000E+0	0.00000E+0
1.21725E-5	6.24227E-2	8.67952E-1	3.73500E-5	8.28966E-2	0.00000E+0	0.00000E+0	0.00000E+0
1.22225E-5	6.24280E-2	8.95313E-1	3.74000E-5	8.28065E-2	0.00000E+0	0.00000E+0	0.00000E+0
1.22725E-5	6.24276E-2	8.92934E-1	3.74500E-5	8.27176E-2	0.00000E+0	0.00000E+0	0.00000E+0
1.23225E-5	6.24308E-2	9.09192E-1	3.75000E-5	8.26300E-2	0.00000E+0	0.00000E+0	0.00000E+0
1.23725E-5	6.24219E-2	8.63987E-1	3.75500E-5	8.25436E-2	0.00000E+0	0.00000E+0	0.00000E+0
1.24225E-5	6.24277E-2	8.93331E-1	3.76000E-5	8.24584E-2	0.00000E+0	0.00000E+0	0.00000E+0
1.24725E-5	6.24318E-2	9.14347E-1	3.76500E-5	8.23745E-2	0.00000E+0	0.00000E+0	0.00000E+0
1.25225E-5	6.24287E-2	8.98486E-1	3.77000E-5	8.22917E-2	0.00000E+0	0.00000E+0	0.00000E+0
1.25725E-5	6.24245E-2	8.77469E-1	3.77500E-5	8.22100E-2	0.00000E+0	0.00000E+0	0.00000E+0
1.26225E-5	6.24258E-2	8.83814E-1	3.78000E-5	8.21295E-2	0.00000E+0	0.00000E+0	0.00000E+0
1.26725E-5	6.24302E-2	9.06416E-1	3.78500E-5	8.20501E-2	0.00000E+0	0.00000E+0	0.00000E+0
1.27225E-5	6.24248E-2	8.79055E-1	3.79000E-5	8.19719E-2	0.00000E+0	0.00000E+0	0.00000E+0
1.27725E-5	6.24192E-2	8.50504E-1	3.79500E-5	8.18947E-2	0.00000E+0	0.00000E+0	0.00000E+0
1.28225E-5	6.24306E-2	9.08399E-1	3.80000E-5	8.18186E-2	0.00000E+0	0.00000E+0	0.00000E+0
1.28725E-5	6.24338E-2	9.24657E-1	3.80500E-5	8.17436E-2	0.00000E+0	0.00000E+0	0.00000E+0
1.29225E-5	6.24345E-2	9.28226E-1	3.81000E-5	8.16697E-2	0.00000E+0	0.00000E+0	0.00000E+0
1.29725E-5	6.24324E-2	9.17520E-1	3.81500E-5	8.15967E-2	0.00000E+0	0.00000E+0	0.00000E+0
1.30225E-5	6.24351E-2	9.31002E-1	3.82000E-5	8.15248E-2	0.00000E+0	0.00000E+0	0.00000E+0
1.30725E-5	6.24235E-2	8.72314E-1	3.82500E-5	8.14539E-2	0.00000E+0	0.00000E+0	0.00000E+0
1.31225E-5	6.24354E-2	9.32588E-1	3.83000E-5	8.13840E-2	0.00000E+0	0.00000E+0	0.00000E+0
1.31725E-5	6.24287E-2	8.98882E-1	3.83500E-5	8.13151E-2	0.00000E+0	0.00000E+0	0.00000E+0
1.32225E-5	6.24307E-2	9.08796E-1	3.84000E-5	8.12471E-2	0.00000E+0	0.00000E+0	0.00000E+0
1.32725E-5	6.24284E-2	8.96899E-1	3.84500E-5	8.11801E-2	0.00000E+0	0.00000E+0	0.00000E+0
1.33225E-5	6.24210E-2	8.59625E-1	3.85000E-5	8.11140E-2	0.00000E+0	0.00000E+0	0.00000E+0
1.33725E-5	6.24339E-2	9.25054E-1	3.85500E-5	8.10489E-2	0.00000E+0	0.00000E+0	0.00000E+0
1.34225E-5	6.24309E-2	9.09985E-1	3.86000E-5	8.09847E-2	0.00000E+0	0.00000E+0	0.00000E+0
1.34725E-5	6.24306E-2	9.08399E-1	3.86500E-5	8.09213E-2	0.00000E+0	0.00000E+0	0.00000E+0
1.35225E-5	6.24270E-2	8.89762E-1	3.87000E-5	8.08589E-2	0.00000E+0	0.00000E+0	0.00000E+0
1.35725E-5	6.24374E-2	9.42898E-1	3.87500E-5	8.07973E-2	0.00000E+0	0.00000E+0	0.00000E+0
1.36225E-5	6.24280E-2	8.95313E-1	3.88000E-5	8.07366E-2	0.00000E+0	0.00000E+0	0.00000E+0
1.36725E-5	6.24342E-2	9.26640E-1	3.88500E-5	8.06768E-2	0.00000E+0	0.00000E+0	0.00000E+0
1.37225E-5	6.24395E-2	9.53605E-1	3.89000E-5	8.06177E-2	0.00000E+0	0.00000E+0	0.00000E+0
1.37725E-5	6.24324E-2	9.17520E-1	3.89500E-5	8.05595E-2	0.00000E+0	0.00000E+0	0.00000E+0
1.38225E-5	6.24344E-2	9.27433E-1	3.90000E-5	8.05022E-2	0.00000E+0	0.00000E+0	0.00000E+0
1.38725E-5	6.24352E-2	9.31795E-1	3.90500E-5	8.04456E-2	0.00000E+0	0.00000E+0	0.00000E+0
1.39225E-5	6.24266E-2	8.87779E-1	3.91000E-5	8.03898E-2	0.00000E+0	0.00000E+0	0.00000E+0
1.39725E-5	6.24330E-2	9.20692E-1	3.91500E-5	8.03348E-2	0.00000E+0	0.00000E+0	0.00000E+0
1.40225E-5	6.24279E-2	8.94520E-1	3.92000E-5	8.02806E-2	0.00000E+0	0.00000E+0	0.00000E+0
1.40725E-5	6.24327E-2	9.18709E-1	3.92500E-5	8.02271E-2	0.00000E+0	0.00000E+0	0.00000E+0
1.41225E-5	6.24297E-2	9.03641E-1	3.93000E-5	8.01744E-2	0.00000E+0	0.00000E+0	0.00000E+0
1.41725E-5	6.24384E-2	9.48053E-1	3.93500E-5	8.01224E-2	0.00000E+0	0.00000E+0	0.00000E+0
1.42225E-5	6.24326E-2	9.18313E-1	3.94000E-5	8.00712E-2	0.00000E+0	0.00000E+0	0.00000E+0
1.42725E-5	6.24381E-2	9.46467E-1	3.94500E-5	8.00206E-2	0.00000E+0	0.00000E+0	0.00000E+0
1.43225E-5	6.24320E-2	9.15537E-1	3.95000E-5	7.99708E-2	0.00000E+0	0.00000E+0	0.00000E+0
1.43725E-5	6.24350E-2	9.30605E-1	3.95500E-5	7.99217E-2	0.00000E+0	0.00000E+0	0.00000E+0
1.44225E-5	6.24337E-2	9.24261E-1	3.96000E-5	7.98732E-2	0.00000E+0	0.00000E+0	0.00000E+0
1.44725E-5	6.24304E-2	9.07210E-1	3.96500E-5	7.98255E-2	0.00000E+0	0.00000E+0	0.00000E+0
1.45225E-5	6.24254E-2	8.81831E-1	3.97000E-5	7.97784E-2	0.00000E+0	0.00000E+0	0.00000E+0
1.45725E-5	6.24352E-2	9.31399E-1	3.97500E-5	7.97320E-2	0.00000E+0	0.00000E+0	0.00000E+0
1.46225E-5	6.24289E-2	8.99675E-1	3.98000E-5	7.96862E-2	0.00000E+0	0.00000E+0	0.00000E+0
1.46725E-5	6.24347E-2	9.29019E-1	3.98500E-5	7.96410E-2	0.00000E+0	0.00000E+0	0.00000E+0
1.47225E-5	6.24360E-2	9.35760E-1	3.99000E-5	7.95965E-2	0.00000E+0	0.00000E+0	0.00000E+0
1.47725E-5	6.24339E-2	9.25054E-1	3.99500E-5	7.95526E-2	0.00000E+0	0.00000E+0	0.00000E+0
1.48225E-5	6.24288E-2	8.99279E-1	4.00000E-5	7.95094E-2	0.00000E+0	0.00000E+0	0.00000E+0
1.48725E-5	6.24313E-2	9.11968E-1	4.00500E-5	7.94667E-2	0.00000E+0	0.00000E+0	0.00000E+0
1.49225E-5	6.24301E-2	9.05623E-1	4.01000E-5	7.94246E-2	0.00000E+0	0.00000E+0	0.00000E+0
1.49725E-5	6.24270E-2	8.89762E-1	4.01500E-5	7.93832E-2	0.00000E+0	0.00000E+0	0.00000E+0
1.50225E-5	6.24286E-2	8.98089E-1	4.02000E-5	7.93423E-2	0.00000E+0	0.00000E+0	0.00000E+0
1.50725E-5	6.24282E-2	8.96106E-1	4.02500E-5	7.93019E-2	0.00000E+0	0.00000E+0	0.00000E+0
1.51225E-5	6.24313E-2	9.11968E-1	4.03000E-5	7.92622E-2	0.00000E+0	0.00000E+0	0.00000E+0
1.51725E-5	6.24334E-2	9.22675E-1	4.03500E-5	7.92230E-2	0.00000E+0	0.00000E+0	0.00000E+0
1.52225E-5	6.24353E-2	9.32192E-1	4.04000E-5	7.91843E-2	0.00000E+0	0.00000E+0	0.00000E+0
1.52725E-5	6.24374E-2	9.42898E-1	4.04500E-5	7.91462E-2	0.00000E+0	0.00000E+0	0.00000E+0
1.53225E-5	6.24370E-2	9.40915E-1	4.05000E-5	7.91086E-2	0.00000E+0	0.00000E+0	0.00000E+0
1.53725E-5	6.24332E-2	9.21485E-1	4.05500E-5	7.90716E-2	0.00000E+0	0.00000E+0	0.00000E+0
1.54225E-5	6.24315E-2	9.12761E-1	4.06000E-5	7.90351E-2	0.00000E+0	0.00000E+0	0.00000E+0
1.54725E-5	6.24355E-2	9.32985E-1	4.06500E-5	7.89990E-2	0.00000E+0	0.00000E+0	0.00000E+0
1.55225E-5	6.24377E-2	9.44088E-1	4.07000E-5	7.89635E-2	0.00000E+0	0.00000E+0	0.00000E+0
1.55725E-5	6.24374E-2	9.42898E-1	4.07500E-5	7.89285E-2	0.00000E+0	0.00000E+0	0.00000E+0
1.56225E-5	6.24395E-2	9.53208E-1	4.08000E-5	7.88940E-2	0.00000E+0	0.00000E+0	0.00000E+0
1.56725E-5	6.24400E-2	9.55984E-1	4.08500E-5	7.88599E-2	0.00000E+0	0.00000E+0	0.00000E+0
1.57225E-5	6.24339E-2	9.25054E-1	4.09000E-5	7.88264E-2	0.00000E+0	0.00000E+0	0.00000E+0
1.57725E-5	6.24329E-2	9.19899E-1	4.09500E-5	7.87933E-2	0.00000E+0	0.00000E+0	0.00000E+0
1.58225E-5	6.24405E-2	9.58760E-1	4.10000E-5	7.87606E-2	0.00000E+0	0.00000E+0	0.00000E+0
1.58725E-5	6.24258E-2	8.83814E-1	4.10500E-5	7.87285E-2	0.00000E+0	0.00000E+0	0.00000E+0
1.59225E-5	6.24327E-2	9.19106E-1	4.11000E-5	7.86967E-2	0.00000E+0	0.00000E+0	0.00000E+0
1.59725E-5	6.24364E-2	9.37743E-1	4.11500E-5	7.86655E-2	0.00000E+0	0.00000E+0	0.00000E+0
1.60225E-5	6.24352E-2	9.31795E-1	4.12000E-5	7.86346E-2	0.00000E+0	0.00000E+0	0.00000E+0
1.60725E-5	6.24371E-2	9.41312E-1	4.12500E-5	7.86042E-2	0.00000E+0	0.00000E+0	0.00000E+0
1.61225E-5	6.24371E-2	9.41312E-1	4.13000E-5	7.85742E-2	0.00000E+0	0.00000E+0	0.00000E+0
1.61725E-5	6.24440E-2	9.76208E-1	4.13500E-5	7.85447E-2	0.00000E+0	0.00000E+0	0.00000E+0
1.62225E-5	6.24425E-2	9.68673E-1	4.14000E-5	7.85155E-2	0.00000E+0	0.00000E+0	0.00000E+0
1.62725E-5	6.24451E-2	9.81759E-1	4.14500E-5	7.84868E-2	0.00000E+0	0.00000E+0	0.00000E+0
1.63225E-5	6.24415E-2	9.63518E-1	4.15000E-5	7.84584E-2	0.00000E+0	0.00000E+0	0.00000E+0
1.63725E-5	6.24342E-2	9.26640E-1	4.15500E-5	7.84305E-2	0.00000E+0	0.00000E+0	0.00000E+0
1.64225E-5	6.24346E-2	9.28623E-1	4.16000E-5	7.84030E-2	0.00000E+0	0.00000E+0	0.00000E+0
1.64725E-5	6.24327E-2	9.19106E-1	4.16500E-5	7.83758E-2	0.00000E+0	0.00000E+0	0.00000E+0
1.65225E-5	6.24330E-2	9.20692E-1	4.17000E-5	7.83490E-2	0.00000E+0	0.00000E+0	0.00000E+0
1.65725E-5	6.24383E-2	9.47260E-1	4.17500E-5	7.83226E-2	0.00000E+0	0.00000E+0	0.00000E+0
1.66225E-5	6.24339E-2	9.25054E-1	4.18000E-5	7.82966E-2	0.00000E+0	0.00000E+0	0.00000E+0
1.66725E-5	6.24393E-2	9.52415E-1	4.18500E-5	7.82709E-2	0.00000E+0	0.00000E+0	0.00000E+0
1.67225E-5	6.24379E-2	9.45277E-1	4.19000E-5	7.82456E-2	0.00000E+0	0.00000E+0	0.00000E+0
1.67725E-5	6.24423E-2	9.67880E-1	4.19500E-5	7.82206E-2	0.00000E+0	0.00000E+0	0.00000E+0
1.68225E-5	6.24350E-2	9.30605E-1	4.20000E-5	7.81960E-2	0.00000E+0	0.00000E+0	0.00000E+0
1.68725E-5	6.24414E-2	9.63122E-1	4.20500E-5	7.81717E-2	0.00000E+0	0.00000E+0	0.00000E+0
1.69225E-5	6.24404E-2	9.57967E-1	4.21000E-5	7.81478E-2	0.00000E+0	0.00000E+0	0.00000E+0
1.69725E-5	6.24455E-2	9.83742E-1	4.21500E-5	7.81242E-2	0.00000E+0	0.00000E+0	0.00000E+0
1.70225E-5	6.24441E-2	9.77001E-1	4.22000E-5	7.81010E-2	0.00000E+0	0.00000E+0	0.00000E+0
1.70725E-5	6.24458E-2	9.85328E-1	4.22500E-5	7.80780E-2	0.00000E+0	0.00000E+0	0.00000E+0
1.71225E-5	6.24388E-2	9.50036E-1	4.23000E-5	7.80554E-2	0.00000E+0	0.00000E+0	0.00000E+0
1.71725E-5	6.24423E-2	9.67484E-1	4.23500E-5	7.80331E-2	0.00000E+0	0.00000E+0	0.00000E+0
1.72225E-5	6.24384E-2	9.47657E-1	4.24000E-5	7.80111E-2	0.00000E+0	0.00000E+0	0.00000E+0
1.72725E-5	6.24341E-2	9.25847E-1	4.24500E-5	7.79895E-2	0.00000E+0	0.00000E+0	0.00000E+0
1.73225E-5	6.24404E-2	9.57967E-1	4.25000E-5	7.79681E-2	0.00000E+0	0.00000E+0	0.00000E+0
1.73725E-5	6.24319E-2	9.14744E-1	4.25500E-5	7.79470E-2	0.00000E+0	0.00000E+0	0.00000E+0
1.74225E-5	6.24460E-2	9.86518E-1	4.26000E-5	7.79263E-2	0.00000E+0	0.00000E+0	0.00000E+0
1.74725E-5	6.24373E-2	9.42502E-1	4.26500E-5	7.79058E-2	0.00000E+0	0.00000E+0	0.00000E+0
1.75225E-5	6.24377E-2	9.44088E-1	4.27000E-5	7.78856E-2	0.00000E+0	0.00000E+0	0.00000E+0
1.75725E-5	6.24410E-2	9.61139E-1	4.27500E-5	7.78657E-2	0.00000E+0	0.00000E+0	0.00000E+0
1.76225E-5	6.24360E-2	9.35760E-1	4.28000E-5	7.78460E-2	0.00000E+0	0.00000E+0	0.00000E+0
1.76725E-5	6.24341E-2	9.25847E-1	4.28500E-5	7.78267E-2	0.00000E+0	0.00000E+0	0.00000E+0
1.77225E-5	6.24394E-2	9.52812E-1	4.29000E-5	7.78076E-2	0.00000E+0	0.00000E+0	0.00000E+0
1.77725E-5	6.24372E-2	9.41709E-1	4.29500E-5	7.77887E-2	0.00000E+0	0.00000E+0	0.00000E+0
1.78225E-5	6.24346E-2	9.28623E-1	4.30000E-5	7.77702E-2	0.00000E+0	0.00000E+0	0.00000E+0
1.78725E-5	6.24377E-2	9.44088E-1	4.30500E-5	7.77519E-2	0.00000E+0	0.00000E+0	0.00000E+0
1.79225E-5	6.24380E-2	9.46071E-1	4.31000E-5	7.77338E-2	0.00000E+0	0.00000E+0	0.00000E+0
1.79725E-5	6.24414E-2	9.63122E-1	4.31500E-5	7.77161E-2	0.00000E+0	0.00000E+0	0.00000E+0
1.80225E-5	6.24442E-2	9.77397E-1	4.32000E-5	7.76985E-2	0.00000E+0	0.00000E+0	0.00000E+0
1.80725E-5	6.24383E-2	9.47260E-1	4.32500E-5	7.76812E-2	0.00000E+0	0.00000E+0	0.00000E+0
1.81225E-5	6.24453E-2	9.82949E-1	4.33000E-5	7.76642E-2	0.00000E+0	0.00000E+0	0.00000E+0
1.81725E-5	6.24428E-2	9.70259E-1	4.33500E-5	7.76474E-2	0.00000E+0	0.00000E+0	0.00000E+0
1.82225E-5	6.24406E-2	9.59156E-1	4.34000E-5	7.76308E-2	0.00000E+0	0.00000E+0	0.00000E+0
1.82725E-5	6.24371E-2	9.41312E-1	4.34500E-5	7.76144E-2	0.00000E+0	0.00000E+0	0.00000E+0
1.83225E-5	6.24383E-2	9.47260E-1	4.35000E-5	7.75983E-2	0.00000E+0	0.00000E+0	0.00000E+0
1.83725E-5	6.24410E-2	9.61139E-1	4.35500E-5	7.75824E-2	0.00000E+0	0.00000E+0	0.00000E+0
1.84225E-5	6.24393E-2	9.52415E-1	4.36000E-5	7.75668E-2	0.00000E+0	0.00000E+0	0.00000E+0
1.84725E-5	6.24483E-2	9.98017E-1	4.36500E-5	7.75513E-2	0.00000E+0	0.00000E+0	0.00000E+0
1.85225E-5	6.24437E-2	9.74621E-1	4.37000E-5	7.75361E-2	0.00000E+0	0.00000E+0	0.00000E+0
1.85725E-5	6.24427E-2	9.69863E-1	4.37500E-5	7.75211E-2	0.00000E+0	0.00000E+0	0.00000E+0
1.86225E-5	6.24385E-2	9.48450E-1	4.38000E-5	7.75062E-2	0.00000E+0	0.00000E+0	0.00000E+0
1.86725E-5	6.24474E-2	9.93655E-1	4.38500E-5	7.74916E-2	0.00000E+0	0.00000E+0	0.00000E+0
1.87225E-5	6.24359E-2	9.34967E-1	4.39000E-5	7.74772E-2	0.00000E+0	0.00000E+0	0.00000E+0
1.87725E-5	6.24459E-2	9.86121E-1	4.39500E-5	7.74630E-2	0.00000E+0	0.00000E+0	0.00000E+0
1.88225E-5	6.24383E-2	9.47260E-1	4.40000E-5	7.74491E-2	0.00000E+0	0.00000E+0	0.00000E+0
1.88725E-5	6.24379E-2	9.45277E-1	4.40500E-5	7.74353E-2	0.00000E+0	0.00000E+0	0.00000E+0
1.89225E-5	6.24487E-2	1.00000E+0	4.41000E-5	7.74216E-2	0.00000E+0	0.00000E+0	0.00000E+0
1.89725E-5	6.24471E-2	9.92069E-1	4.41500E-5	7.74082E-2	0.00000E+0	0.00000E+0	0.00000E+0
1.90225E-5	6.24436E-2	9.74225E-1	4.42000E-5	7.73950E-2	0.00000E+0	0.00000E+0	0.00000E+0
1.90725E-5	6.24479E-2	9.96035E-1	4.42500E-5	7.73820E-2	0.00000E+0	0.00000E+0	0.00000E+0
1.91225E-5	6.24394E-2	9.52812E-1	4.43000E-5	7.73691E-2	0.00000E+0	0.00000E+0	0.00000E+0
1.91725E-5	6.24405E-2	9.58760E-1	4.43500E-5	7.73564E-2	0.00000E+0	0.00000E+0	0.00000E+0
1.92225E-5	6.24390E-2	9.50829E-1	4.44000E-5	7.73439E-2	0.00000E+0	0.00000E+0	0.00000E+0
1.92725E-5	6.24386E-2	9.48846E-1	4.44500E-5	7.73316E-2	0.00000E+0	0.00000E+0	0.00000E+0
1.93225E-5	6.24416E-2	9.64311E-1	4.45000E-5	7.73194E-2	0.00000E+0	0.00000E+0	0.00000E+0
1.93725E-5	6.24412E-2	9.62329E-1	4.45500E-5	7.73075E-2	0.00000E+0	0.00000E+0	0.00000E+0
1.94225E-5	6.24384E-2	9.48053E-1	4.46000E-5	7.72956E-2	0.00000E+0	0.00000E+0	0.00000E+0
1.94725E-5	6.24348E-2	9.29812E-1	4.46500E-5	7.72840E-2	0.00000E+0	0.00000E+0	0.00000E+0
1.95225E-5	6.24398E-2	9.55191E-1	4.47000E-5	7.72725E-2	0.00000E+0	0.00000E+0	0.00000E+0
1.95725E-5	6.24395E-2	9.53208E-1	4.47500E-5	7.72612E-2	0.00000E+0	0.00000E+0	0.00000E+0
1.96225E-5	6.24425E-2	9.68673E-1	4.48000E-5	7.72500E-2	0.00000E+0	0.00000E+0	0.00000E+0
1.96725E-5	6.24408E-2	9.59949E-1	4.48500E-5	7.72390E-2	0.00000E+0	0.00000E+0	0.00000E+0
1.97225E-5	6.24444E-2	9.78190E-1	4.49000E-5	7.72281E-2	0.00000E+0	0.00000E+0	0.00000E+0
1.97725E-5	6.24479E-2	9.96035E-1	4.49500E-5	7.72174E-2	0.00000E+0	0.00000E+0	0.00000E+0
1.98225E-5	6.24482E-2	9.97621E-1	4.50000E-5	7.72069E-2	0.00000E+0	0.00000E+0	0.00000E+0
1.98725E-5	6.24463E-2	9.88104E-1	4.50500E-5	0.00000E+0	0.00000E+0	0.00000E+0	0.00000E+0
1.99225E-5	6.24432E-2	9.72242E-1	0.00000E+0	0.00000E+0	0.00000E+0	0.00000E+0	0.00000E+0
1.99725E-5	6.24476E-2	9.94448E-1	0.00000E+0	0.00000E+0	0.00000E+0	0.00000E+0	0.00000E+0
2.00225E-5	6.24451E-2	9.81759E-1	0.00000E+0	0.00000E+0	0.00000E+0	0.00000E+0	0.00000E+0
2.00725E-5	6.24439E-2	9.75811E-1	0.00000E+0	0.00000E+0	0.00000E+0	0.00000E+0	0.00000E+0
2.01225E-5	6.24466E-2	9.89690E-1	0.00000E+0	0.00000E+0	0.00000E+0	0.00000E+0	0.00000E+0
2.01725E-5	6.24437E-2	9.75018E-1	0.00000E+0	0.00000E+0	0.00000E+0	0.00000E+0	0.00000E+0
2.02225E-5	6.24451E-2	9.81759E-1	0.00000E+0	0.00000E+0	0.00000E+0	0.00000E+0	0.00000E+0
2.02725E-5	6.24373E-2	9.42502E-1	0.00000E+0	0.00000E+0	0.00000E+0	0.00000E+0	0.00000E+0
2.03225E-5	6.24395E-2	9.53605E-1	0.00000E+0	0.00000E+0	0.00000E+0	0.00000E+0	0.00000E+0
2.03725E-5	6.24350E-2	9.30605E-1	0.00000E+0	0.00000E+0	0.00000E+0	0.00000E+0	0.00000E+0
2.04225E-5	6.24309E-2	9.09589E-1	0.00000E+0	0.00000E+0	0.00000E+0	0.00000E+0	0.00000E+0
2.04725E-5	6.24373E-2	9.42502E-1	0.00000E+0	0.00000E+0	0.00000E+0	0.00000E+0	0.00000E+0
2.05225E-5	6.24292E-2	9.01261E-1	0.00000E+0	0.00000E+0	0.00000E+0	0.00000E+0	0.00000E+0
2.05725E-5	6.24241E-2	8.75090E-1	0.00000E+0	0.00000E+0	0.00000E+0	0.00000E+0	0.00000E+0
2.06225E-5	6.24225E-2	8.67159E-1	0.00000E+0	0.00000E+0	0.00000E+0	0.00000E+0	0.00000E+0
2.06725E-5	6.24098E-2	8.02919E-1	0.00000E+0	0.00000E+0	0.00000E+0	0.00000E+0	0.00000E+0
2.07225E-5	6.24051E-2	7.78730E-1	0.00000E+0	0.00000E+0	0.00000E+0	0.00000E+0	0.00000E+0
2.07725E-5	6.24050E-2	7.78334E-1	0.00000E+0	0.00000E+0	0.00000E+0	0.00000E+0	0.00000E+0
2.08225E-5	6.24095E-2	8.01333E-1	0.00000E+0	0.00000E+0	0.00000E+0	0.00000E+0	0.00000E+0
2.08725E-5	6.24030E-2	7.68420E-1	0.00000E+0	0.00000E+0	0.00000E+0	0.00000E+0	0.00000E+0
2.09225E-5	6.24037E-2	7.71593E-1	0.00000E+0	0.00000E+0	0.00000E+0	0.00000E+0	0.00000E+0
2.09725E-5	6.23997E-2	7.51369E-1	0.00000E+0	0.00000E+0	0.00000E+0	0.00000E+0	0.00000E+0
2.10225E-5	6.23985E-2	7.45421E-1	0.00000E+0	0.00000E+0	0.00000E+0	0.00000E+0	0.00000E+0
2.10725E-5	6.23905E-2	7.04577E-1	0.00000E+0	0.00000E+0	0.00000E+0	0.00000E+0	0.00000E+0
2.11225E-5	6.23953E-2	7.29163E-1	0.00000E+0	0.00000E+0	0.00000E+0	0.00000E+0	0.00000E+0
2.11725E-5	6.23877E-2	6.90302E-1	0.00000E+0	0.00000E+0	0.00000E+0	0.00000E+0	0.00000E+0
2.12225E-5	6.23852E-2	6.78009E-1	0.00000E+0	0.00000E+0	0.00000E+0	0.00000E+0	0.00000E+0
2.12725E-5	6.23828E-2	6.65716E-1	0.00000E+0	0.00000E+0	0.00000E+0	0.00000E+0	0.00000E+0
2.13225E-5	6.23761E-2	6.31614E-1	0.00000E+0	0.00000E+0	0.00000E+0	0.00000E+0	0.00000E+0
2.13725E-5	6.23809E-2	6.56199E-1	0.00000E+0	0.00000E+0	0.00000E+0	0.00000E+0	0.00000E+0
2.14225E-5	6.23680E-2	5.90374E-1	0.00000E+0	0.00000E+0	0.00000E+0	0.00000E+0	0.00000E+0
2.14725E-5	6.23791E-2	6.46682E-1	0.00000E+0	0.00000E+0	0.00000E+0	0.00000E+0	0.00000E+0
2.15225E-5	6.23783E-2	6.42717E-1	0.00000E+0	0.00000E+0	0.00000E+0	0.00000E+0	0.00000E+0
2.15725E-5	6.23738E-2	6.20114E-1	0.00000E+0	0.00000E+0	0.00000E+0	0.00000E+0	0.00000E+0
2.16225E-5	6.23773E-2	6.37562E-1	0.00000E+0	0.00000E+0	0.00000E+0	0.00000E+0	0.00000E+0
2.16725E-5	6.23759E-2	6.30424E-1	0.00000E+0	0.00000E+0	0.00000E+0	0.00000E+0	0.00000E+0
2.17225E-5	6.23748E-2	6.24873E-1	0.00000E+0	0.00000E+0	0.00000E+0	0.00000E+0	0.00000E+0
2.17725E-5	6.23672E-2	5.86408E-1	0.00000E+0	0.00000E+0	0.00000E+0	0.00000E+0	0.00000E+0
2.18225E-5	6.23734E-2	6.17735E-1	0.00000E+0	0.00000E+0	0.00000E+0	0.00000E+0	0.00000E+0
2.18725E-5	6.23615E-2	5.57461E-1	0.00000E+0	0.00000E+0	0.00000E+0	0.00000E+0	0.00000E+0
2.19225E-5	6.23648E-2	5.74512E-1	0.00000E+0	0.00000E+0	0.00000E+0	0.00000E+0	0.00000E+0
2.19725E-5	6.23637E-2	5.68564E-1	0.00000E+0	0.00000E+0	0.00000E+0	0.00000E+0	0.00000E+0
2.20225E-5	6.23569E-2	5.34065E-1	0.00000E+0	0.00000E+0	0.00000E+0	0.00000E+0	0.00000E+0
2.20725E-5	6.23545E-2	5.21772E-1	0.00000E+0	0.00000E+0	0.00000E+0	0.00000E+0	0.00000E+0
2.21225E-5	6.23467E-2	4.82515E-1	0.00000E+0	0.00000E+0	0.00000E+0	0.00000E+0	0.00000E+0
2.21725E-5	6.23574E-2	5.36841E-1	0.00000E+0	0.00000E+0	0.00000E+0	0.00000E+0	0.00000E+0
2.22225E-5	6.23511E-2	5.04721E-1	0.00000E+0	0.00000E+0	0.00000E+0	0.00000E+0	0.00000E+0
2.22725E-5	6.23560E-2	5.29703E-1	0.00000E+0	0.00000E+0	0.00000E+0	0.00000E+0	0.00000E+0
2.23225E-5	6.23611E-2	5.55478E-1	0.00000E+0	0.00000E+0	0.00000E+0	0.00000E+0	0.00000E+0
2.23725E-5	6.23515E-2	5.06704E-1	0.00000E+0	0.00000E+0	0.00000E+0	0.00000E+0	0.00000E+0
2.24225E-5	6.23459E-2	4.78549E-1	0.00000E+0	0.00000E+0	0.00000E+0	0.00000E+0	0.00000E+0
2.24725E-5	6.23482E-2	4.90049E-1	0.00000E+0	0.00000E+0	0.00000E+0	0.00000E+0	0.00000E+0
2.25225E-5	6.23442E-2	4.69825E-1	0.00000E+0	0.00000E+0	0.00000E+0	0.00000E+0	0.00000E+0
2.25725E-5	6.23405E-2	4.50792E-1	0.00000E+0	0.00000E+0	0.00000E+0	0.00000E+0	0.00000E+0
2.26225E-5	6.23455E-2	4.76170E-1	0.00000E+0	0.00000E+0	0.00000E+0	0.00000E+0	0.00000E+0
2.26725E-5	6.23422E-2	4.59515E-1	0.00000E+0	0.00000E+0	0.00000E+0	0.00000E+0	0.00000E+0
2.27225E-5	6.23377E-2	4.36516E-1	0.00000E+0	0.00000E+0	0.00000E+0	0.00000E+0	0.00000E+0
2.27725E-5	6.23445E-2	4.71412E-1	0.00000E+0	0.00000E+0	0.00000E+0	0.00000E+0	0.00000E+0
2.28225E-5	6.23342E-2	4.19068E-1	0.00000E+0	0.00000E+0	0.00000E+0	0.00000E+0	0.00000E+0
2.28725E-5	6.23361E-2	4.28585E-1	0.00000E+0	0.00000E+0	0.00000E+0	0.00000E+0	0.00000E+0
2.29225E-5	6.23387E-2	4.41671E-1	0.00000E+0	0.00000E+0	0.00000E+0	0.00000E+0	0.00000E+0
2.29725E-5	6.23369E-2	4.32551E-1	0.00000E+0	0.00000E+0	0.00000E+0	0.00000E+0	0.00000E+0
2.30225E-5	6.23345E-2	4.20258E-1	0.00000E+0	0.00000E+0	0.00000E+0	0.00000E+0	0.00000E+0
2.30725E-5	6.23347E-2	4.21448E-1	0.00000E+0	0.00000E+0	0.00000E+0	0.00000E+0	0.00000E+0
2.31225E-5	6.23342E-2	4.19068E-1	0.00000E+0	0.00000E+0	0.00000E+0	0.00000E+0	0.00000E+0
2.31725E-5	6.23409E-2	4.52774E-1	0.00000E+0	0.00000E+0	0.00000E+0	0.00000E+0	0.00000E+0
2.32225E-5	6.23376E-2	4.36120E-1	0.00000E+0	0.00000E+0	0.00000E+0	0.00000E+0	0.00000E+0
2.32725E-5	6.23259E-2	3.76638E-1	0.00000E+0	0.00000E+0	0.00000E+0	0.00000E+0	0.00000E+0
2.33225E-5	6.23343E-2	4.19465E-1	0.00000E+0	0.00000E+0	0.00000E+0	0.00000E+0	0.00000E+0
2.33725E-5	6.23300E-2	3.97655E-1	0.00000E+0	0.00000E+0	0.00000E+0	0.00000E+0	0.00000E+0
2.34225E-5	6.23348E-2	4.21844E-1	0.00000E+0	0.00000E+0	0.00000E+0	0.00000E+0	0.00000E+0
2.34725E-5	6.23338E-2	4.16689E-1	0.00000E+0	0.00000E+0	0.00000E+0	0.00000E+0	0.00000E+0
2.35225E-5	6.23259E-2	3.77035E-1	0.00000E+0	0.00000E+0	0.00000E+0	0.00000E+0	0.00000E+0
2.35725E-5	6.23377E-2	4.36516E-1	0.00000E+0	0.00000E+0	0.00000E+0	0.00000E+0	0.00000E+0
2.36225E-5	6.23270E-2	3.82587E-1	0.00000E+0	0.00000E+0	0.00000E+0	0.00000E+0	0.00000E+0
2.36725E-5	6.23222E-2	3.58001E-1	0.00000E+0	0.00000E+0	0.00000E+0	0.00000E+0	0.00000E+0
2.37225E-5	6.23254E-2	3.74259E-1	0.00000E+0	0.00000E+0	0.00000E+0	0.00000E+0	0.00000E+0
2.37725E-5	6.23203E-2	3.48484E-1	0.00000E+0	0.00000E+0	0.00000E+0	0.00000E+0	0.00000E+0
2.38225E-5	6.23242E-2	3.68311E-1	0.00000E+0	0.00000E+0	0.00000E+0	0.00000E+0	0.00000E+0
2.38725E-5	6.23186E-2	3.39760E-1	0.00000E+0	0.00000E+0	0.00000E+0	0.00000E+0	0.00000E+0
2.39225E-5	6.23214E-2	3.54036E-1	0.00000E+0	0.00000E+0	0.00000E+0	0.00000E+0	0.00000E+0
2.39725E-5	6.23264E-2	3.79414E-1	0.00000E+0	0.00000E+0	0.00000E+0	0.00000E+0	0.00000E+0
2.40225E-5	6.23199E-2	3.46501E-1	0.00000E+0	0.00000E+0	0.00000E+0	0.00000E+0	0.00000E+0
2.40725E-5	6.23236E-2	3.65139E-1	0.00000E+0	0.00000E+0	0.00000E+0	0.00000E+0	0.00000E+0
2.41225E-5	6.23171E-2	3.32226E-1	0.00000E+0	0.00000E+0	0.00000E+0	0.00000E+0	0.00000E+0
2.41725E-5	6.23198E-2	3.46105E-1	0.00000E+0	0.00000E+0	0.00000E+0	0.00000E+0	0.00000E+0
2.42225E-5	6.23192E-2	3.42933E-1	0.00000E+0	0.00000E+0	0.00000E+0	0.00000E+0	0.00000E+0
2.42725E-5	6.23123E-2	3.08037E-1	0.00000E+0	0.00000E+0	0.00000E+0	0.00000E+0	0.00000E+0
2.43225E-5	6.23216E-2	3.55225E-1	0.00000E+0	0.00000E+0	0.00000E+0	0.00000E+0	0.00000E+0
2.43725E-5	6.23130E-2	3.11606E-1	0.00000E+0	0.00000E+0	0.00000E+0	0.00000E+0	0.00000E+0
2.44225E-5	6.23187E-2	3.40553E-1	0.00000E+0	0.00000E+0	0.00000E+0	0.00000E+0	0.00000E+0
2.44725E-5	6.23118E-2	3.05261E-1	0.00000E+0	0.00000E+0	0.00000E+0	0.00000E+0	0.00000E+0
2.45225E-5	6.23191E-2	3.42536E-1	0.00000E+0	0.00000E+0	0.00000E+0	0.00000E+0	0.00000E+0
2.45725E-5	6.23159E-2	3.25881E-1	0.00000E+0	0.00000E+0	0.00000E+0	0.00000E+0	0.00000E+0
2.46225E-5	6.23166E-2	3.29847E-1	0.00000E+0	0.00000E+0	0.00000E+0	0.00000E+0	0.00000E+0
2.46725E-5	6.23141E-2	3.16761E-1	0.00000E+0	0.00000E+0	0.00000E+0	0.00000E+0	0.00000E+0
2.47225E-5	6.23137E-2	3.14778E-1	0.00000E+0	0.00000E+0	0.00000E+0	0.00000E+0	0.00000E+0
2.47725E-5	6.23134E-2	3.13589E-1	0.00000E+0	0.00000E+0	0.00000E+0	0.00000E+0	0.00000E+0
2.48225E-5	6.23076E-2	2.83848E-1	0.00000E+0	0.00000E+0	0.00000E+0	0.00000E+0	0.00000E+0
2.48725E-5	6.23020E-2	2.55694E-1	0.00000E+0	0.00000E+0	0.00000E+0	0.00000E+0	0.00000E+0
2.49225E-5	6.23015E-2	2.52918E-1	0.00000E+0	0.00000E+0	0.00000E+0	0.00000E+0	0.00000E+0
2.49725E-5	6.23112E-2	3.02485E-1	0.00000E+0	0.00000E+0	0.00000E+0	0.00000E+0	0.00000E+0
2.50225E-5	6.23071E-2	2.81469E-1	0.00000E+0	0.00000E+0	0.00000E+0	0.00000E+0	0.00000E+0
2.50725E-5	6.23145E-2	3.19140E-1	0.00000E+0	0.00000E+0	0.00000E+0	0.00000E+0	0.00000E+0
2.51225E-5	6.23120E-2	3.06451E-1	0.00000E+0	0.00000E+0	0.00000E+0	0.00000E+0	0.00000E+0
2.51725E-5	6.23051E-2	2.71159E-1	0.00000E+0	0.00000E+0	0.00000E+0	0.00000E+0	0.00000E+0
2.52225E-5	6.23110E-2	3.01296E-1	0.00000E+0	0.00000E+0	0.00000E+0	0.00000E+0	0.00000E+0
2.52725E-5	6.23098E-2	2.94951E-1	0.00000E+0	0.00000E+0	0.00000E+0	0.00000E+0	0.00000E+0
2.53225E-5	6.23090E-2	2.90986E-1	0.00000E+0	0.00000E+0	0.00000E+0	0.00000E+0	0.00000E+0
2.53725E-5	6.23035E-2	2.63228E-1	0.00000E+0	0.00000E+0	0.00000E+0	0.00000E+0	0.00000E+0
2.54225E-5	6.23041E-2	2.66400E-1	0.00000E+0	0.00000E+0	0.00000E+0	0.00000E+0	0.00000E+0
2.54725E-5	6.23109E-2	3.00899E-1	0.00000E+0	0.00000E+0	0.00000E+0	0.00000E+0	0.00000E+0
2.55225E-5	6.23141E-2	3.16761E-1	0.00000E+0	0.00000E+0	0.00000E+0	0.00000E+0	0.00000E+0
2.55725E-5	6.23111E-2	3.01692E-1	0.00000E+0	0.00000E+0	0.00000E+0	0.00000E+0	0.00000E+0
2.56225E-5	6.23105E-2	2.98520E-1	0.00000E+0	0.00000E+0	0.00000E+0	0.00000E+0	0.00000E+0
2.56725E-5	6.23061E-2	2.76314E-1	0.00000E+0	0.00000E+0	0.00000E+0	0.00000E+0	0.00000E+0
2.57225E-5	6.23038E-2	2.64814E-1	0.00000E+0	0.00000E+0	0.00000E+0	0.00000E+0	0.00000E+0
2.57725E-5	6.23070E-2	2.81072E-1	0.00000E+0	0.00000E+0	0.00000E+0	0.00000E+0	0.00000E+0
2.58225E-5	6.23035E-2	2.63228E-1	0.00000E+0	0.00000E+0	0.00000E+0	0.00000E+0	0.00000E+0
2.58725E-5	6.23031E-2	2.61245E-1	0.00000E+0	0.00000E+0	0.00000E+0	0.00000E+0	0.00000E+0
2.59225E-5	6.22952E-2	2.20798E-1	0.00000E+0	0.00000E+0	0.00000E+0	0.00000E+0	0.00000E+0
2.59725E-5	6.23038E-2	2.64814E-1	0.00000E+0	0.00000E+0	0.00000E+0	0.00000E+0	0.00000E+0
2.60225E-5	6.22983E-2	2.36660E-1	0.00000E+0	0.00000E+0	0.00000E+0	0.00000E+0	0.00000E+0
2.60725E-5	6.23016E-2	2.53711E-1	0.00000E+0	0.00000E+0	0.00000E+0	0.00000E+0	0.00000E+0
2.61225E-5	6.23033E-2	2.62038E-1	0.00000E+0	0.00000E+0	0.00000E+0	0.00000E+0	0.00000E+0
2.61725E-5	6.22981E-2	2.35867E-1	0.00000E+0	0.00000E+0	0.00000E+0	0.00000E+0	0.00000E+0
2.62225E-5	6.23003E-2	2.46970E-1	0.00000E+0	0.00000E+0	0.00000E+0	0.00000E+0	0.00000E+0
2.62725E-5	6.22991E-2	2.40625E-1	0.00000E+0	0.00000E+0	0.00000E+0	0.00000E+0	0.00000E+0
2.63225E-5	6.22946E-2	2.18022E-1	0.00000E+0	0.00000E+0	0.00000E+0	0.00000E+0	0.00000E+0
2.63725E-5	6.22923E-2	2.06126E-1	0.00000E+0	0.00000E+0	0.00000E+0	0.00000E+0	0.00000E+0
2.64225E-5	6.23006E-2	2.48556E-1	0.00000E+0	0.00000E+0	0.00000E+0	0.00000E+0	0.00000E+0
2.64725E-5	6.22964E-2	2.27143E-1	0.00000E+0	0.00000E+0	0.00000E+0	0.00000E+0	0.00000E+0
2.65225E-5	6.22971E-2	2.30712E-1	0.00000E+0	0.00000E+0	0.00000E+0	0.00000E+0	0.00000E+0
2.65725E-5	6.22916E-2	2.02557E-1	0.00000E+0	0.00000E+0	0.00000E+0	0.00000E+0	0.00000E+0
2.66225E-5	6.22959E-2	2.24367E-1	0.00000E+0	0.00000E+0	0.00000E+0	0.00000E+0	0.00000E+0
2.66725E-5	6.22882E-2	1.85506E-1	0.00000E+0	0.00000E+0	0.00000E+0	0.00000E+0	0.00000E+0
2.67225E-5	6.22978E-2	2.34280E-1	0.00000E+0	0.00000E+0	0.00000E+0	0.00000E+0	0.00000E+0
2.67725E-5	6.22931E-2	2.10488E-1	0.00000E+0	0.00000E+0	0.00000E+0	0.00000E+0	0.00000E+0
2.68225E-5	6.22944E-2	2.16833E-1	0.00000E+0	0.00000E+0	0.00000E+0	0.00000E+0	0.00000E+0
2.68725E-5	6.22881E-2	1.85109E-1	0.00000E+0	0.00000E+0	0.00000E+0	0.00000E+0	0.00000E+0
2.69225E-5	6.22912E-2	2.00575E-1	0.00000E+0	0.00000E+0	0.00000E+0	0.00000E+0	0.00000E+0
2.69725E-5	6.22911E-2	2.00178E-1	0.00000E+0	0.00000E+0	0.00000E+0	0.00000E+0	0.00000E+0
2.70225E-5	6.22873E-2	1.81144E-1	0.00000E+0	0.00000E+0	0.00000E+0	0.00000E+0	0.00000E+0
2.70725E-5	6.22983E-2	2.36660E-1	0.00000E+0	0.00000E+0	0.00000E+0	0.00000E+0	0.00000E+0
2.71225E-5	6.22969E-2	2.29522E-1	0.00000E+0	0.00000E+0	0.00000E+0	0.00000E+0	0.00000E+0
2.71725E-5	6.22958E-2	2.23970E-1	0.00000E+0	0.00000E+0	0.00000E+0	0.00000E+0	0.00000E+0
2.72225E-5	6.22873E-2	1.81144E-1	0.00000E+0	0.00000E+0	0.00000E+0	0.00000E+0	0.00000E+0
2.72725E-5	6.22947E-2	2.18419E-1	0.00000E+0	0.00000E+0	0.00000E+0	0.00000E+0	0.00000E+0
2.73225E-5	6.22908E-2	1.98592E-1	0.00000E+0	0.00000E+0	0.00000E+0	0.00000E+0	0.00000E+0
2.73725E-5	6.22876E-2	1.82334E-1	0.00000E+0	0.00000E+0	0.00000E+0	0.00000E+0	0.00000E+0
2.74225E-5	6.23004E-2	2.47366E-1	0.00000E+0	0.00000E+0	0.00000E+0	0.00000E+0	0.00000E+0
2.74725E-5	6.22947E-2	2.18419E-1	0.00000E+0	0.00000E+0	0.00000E+0	0.00000E+0	0.00000E+0
2.75225E-5	6.22916E-2	2.02954E-1	0.00000E+0	0.00000E+0	0.00000E+0	0.00000E+0	0.00000E+0
2.75725E-5	6.22945E-2	2.17229E-1	0.00000E+0	0.00000E+0	0.00000E+0	0.00000E+0	0.00000E+0
2.76225E-5	6.22952E-2	2.21195E-1	0.00000E+0	0.00000E+0	0.00000E+0	0.00000E+0	0.00000E+0
2.76725E-5	6.22886E-2	1.87489E-1	0.00000E+0	0.00000E+0	0.00000E+0	0.00000E+0	0.00000E+0
2.77225E-5	6.22926E-2	2.07712E-1	0.00000E+0	0.00000E+0	0.00000E+0	0.00000E+0	0.00000E+0
2.77725E-5	6.22911E-2	2.00178E-1	0.00000E+0	0.00000E+0	0.00000E+0	0.00000E+0	0.00000E+0
2.78225E-5	6.22901E-2	1.95023E-1	0.00000E+0	0.00000E+0	0.00000E+0	0.00000E+0	0.00000E+0
2.78725E-5	6.22910E-2	1.99781E-1	0.00000E+0	0.00000E+0	0.00000E+0	0.00000E+0	0.00000E+0
2.79225E-5	6.22910E-2	1.99781E-1	0.00000E+0	0.00000E+0	0.00000E+0	0.00000E+0	0.00000E+0
2.79725E-5	6.22937E-2	2.13660E-1	0.00000E+0	0.00000E+0	0.00000E+0	0.00000E+0	0.00000E+0
2.80225E-5	6.22917E-2	2.03350E-1	0.00000E+0	0.00000E+0	0.00000E+0	0.00000E+0	0.00000E+0
2.80725E-5	6.22929E-2	2.09298E-1	0.00000E+0	0.00000E+0	0.00000E+0	0.00000E+0	0.00000E+0
2.81225E-5	6.22852E-2	1.70437E-1	0.00000E+0	0.00000E+0	0.00000E+0	0.00000E+0	0.00000E+0
2.81725E-5	6.22968E-2	2.29125E-1	0.00000E+0	0.00000E+0	0.00000E+0	0.00000E+0	0.00000E+0
2.82225E-5	6.22895E-2	1.92247E-1	0.00000E+0	0.00000E+0	0.00000E+0	0.00000E+0	0.00000E+0
2.82725E-5	6.22794E-2	1.40697E-1	0.00000E+0	0.00000E+0	0.00000E+0	0.00000E+0	0.00000E+0
2.83225E-5	6.22857E-2	1.72817E-1	0.00000E+0	0.00000E+0	0.00000E+0	0.00000E+0	0.00000E+0
2.83725E-5	6.22857E-2	1.72817E-1	0.00000E+0	0.00000E+0	0.00000E+0	0.00000E+0	0.00000E+0
2.84225E-5	6.22900E-2	1.94626E-1	0.00000E+0	0.00000E+0	0.00000E+0	0.00000E+0	0.00000E+0
2.84725E-5	6.22905E-2	1.97402E-1	0.00000E+0	0.00000E+0	0.00000E+0	0.00000E+0	0.00000E+0
2.85225E-5	6.22880E-2	1.84713E-1	0.00000E+0	0.00000E+0	0.00000E+0	0.00000E+0	0.00000E+0
2.85725E-5	6.22826E-2	1.56955E-1	0.00000E+0	0.00000E+0	0.00000E+0	0.00000E+0	0.00000E+0
2.86225E-5	6.22754E-2	1.20473E-1	0.00000E+0	0.00000E+0	0.00000E+0	0.00000E+0	0.00000E+0
2.86725E-5	6.22796E-2	1.41887E-1	0.00000E+0	0.00000E+0	0.00000E+0	0.00000E+0	0.00000E+0
2.87225E-5	6.22859E-2	1.74006E-1	0.00000E+0	0.00000E+0	0.00000E+0	0.00000E+0	0.00000E+0
2.87725E-5	6.22826E-2	1.56955E-1	0.00000E+0	0.00000E+0	0.00000E+0	0.00000E+0	0.00000E+0
2.88225E-5	6.22836E-2	1.62110E-1	0.00000E+0	0.00000E+0	0.00000E+0	0.00000E+0	0.00000E+0
2.88725E-5	6.22870E-2	1.79161E-1	0.00000E+0	0.00000E+0	0.00000E+0	0.00000E+0	0.00000E+0
2.89225E-5	6.22873E-2	1.81144E-1	0.00000E+0	0.00000E+0	0.00000E+0	0.00000E+0	0.00000E+0
2.89725E-5	6.22877E-2	1.83127E-1	0.00000E+0	0.00000E+0	0.00000E+0	0.00000E+0	0.00000E+0
2.90225E-5	6.22895E-2	1.92247E-1	0.00000E+0	0.00000E+0	0.00000E+0	0.00000E+0	0.00000E+0
2.90725E-5	6.22916E-2	2.02557E-1	0.00000E+0	0.00000E+0	0.00000E+0	0.00000E+0	0.00000E+0
2.91225E-5	6.22848E-2	1.68058E-1	0.00000E+0	0.00000E+0	0.00000E+0	0.00000E+0	0.00000E+0
2.91725E-5	6.22909E-2	1.98988E-1	0.00000E+0	0.00000E+0	0.00000E+0	0.00000E+0	0.00000E+0
2.92225E-5	6.22883E-2	1.85903E-1	0.00000E+0	0.00000E+0	0.00000E+0	0.00000E+0	0.00000E+0
2.92725E-5	6.22851E-2	1.69644E-1	0.00000E+0	0.00000E+0	0.00000E+0	0.00000E+0	0.00000E+0
2.93225E-5	6.22875E-2	1.81937E-1	0.00000E+0	0.00000E+0	0.00000E+0	0.00000E+0	0.00000E+0
2.93725E-5	6.22775E-2	1.31180E-1	0.00000E+0	0.00000E+0	0.00000E+0	0.00000E+0	0.00000E+0
2.94225E-5	6.22844E-2	1.66076E-1	0.00000E+0	0.00000E+0	0.00000E+0	0.00000E+0	0.00000E+0
2.94725E-5	6.22844E-2	1.66076E-1	0.00000E+0	0.00000E+0	0.00000E+0	0.00000E+0	0.00000E+0
2.95225E-5	6.22847E-2	1.67662E-1	0.00000E+0	0.00000E+0	0.00000E+0	0.00000E+0	0.00000E+0
2.95725E-5	6.22820E-2	1.54179E-1	0.00000E+0	0.00000E+0	0.00000E+0	0.00000E+0	0.00000E+0
2.96225E-5	6.22820E-2	1.54179E-1	0.00000E+0	0.00000E+0	0.00000E+0	0.00000E+0	0.00000E+0
2.96725E-5	6.22848E-2	1.68455E-1	0.00000E+0	0.00000E+0	0.00000E+0	0.00000E+0	0.00000E+0
2.97225E-5	6.22811E-2	1.49421E-1	0.00000E+0	0.00000E+0	0.00000E+0	0.00000E+0	0.00000E+0
2.97725E-5	6.22867E-2	1.77972E-1	0.00000E+0	0.00000E+0	0.00000E+0	0.00000E+0	0.00000E+0
2.98225E-5	6.22838E-2	1.63300E-1	0.00000E+0	0.00000E+0	0.00000E+0	0.00000E+0	0.00000E+0
2.98725E-5	6.22827E-2	1.57352E-1	0.00000E+0	0.00000E+0	0.00000E+0	0.00000E+0	0.00000E+0
2.99225E-5	6.22809E-2	1.48628E-1	0.00000E+0	0.00000E+0	0.00000E+0	0.00000E+0	0.00000E+0
2.99725E-5	6.22798E-2	1.42680E-1	0.00000E+0	0.00000E+0	0.00000E+0	0.00000E+0	0.00000E+0
3.00225E-5	6.22760E-2	1.23646E-1	0.00000E+0	0.00000E+0	0.00000E+0	0.00000E+0	0.00000E+0
3.00725E-5	6.22783E-2	1.35145E-1	0.00000E+0	0.00000E+0	0.00000E+0	0.00000E+0	0.00000E+0
3.01225E-5	6.22852E-2	1.70041E-1	0.00000E+0	0.00000E+0	0.00000E+0	0.00000E+0	0.00000E+0
3.01725E-5	6.22830E-2	1.59334E-1	0.00000E+0	0.00000E+0	0.00000E+0	0.00000E+0	0.00000E+0
3.02225E-5	6.22865E-2	1.76782E-1	0.00000E+0	0.00000E+0	0.00000E+0	0.00000E+0	0.00000E+0
3.02725E-5	6.22784E-2	1.35542E-1	0.00000E+0	0.00000E+0	0.00000E+0	0.00000E+0	0.00000E+0
3.03225E-5	6.22802E-2	1.45059E-1	0.00000E+0	0.00000E+0	0.00000E+0	0.00000E+0	0.00000E+0
3.03725E-5	6.22787E-2	1.37128E-1	0.00000E+0	0.00000E+0	0.00000E+0	0.00000E+0	0.00000E+0
3.04225E-5	6.22834E-2	1.60921E-1	0.00000E+0	0.00000E+0	0.00000E+0	0.00000E+0	0.00000E+0
3.04725E-5	6.22798E-2	1.42680E-1	0.00000E+0	0.00000E+0	0.00000E+0	0.00000E+0	0.00000E+0
3.05225E-5	6.22863E-2	1.75592E-1	0.00000E+0	0.00000E+0	0.00000E+0	0.00000E+0	0.00000E+0
3.05725E-5	6.22810E-2	1.49024E-1	0.00000E+0	0.00000E+0	0.00000E+0	0.00000E+0	0.00000E+0
3.06225E-5	6.22834E-2	1.61317E-1	0.00000E+0	0.00000E+0	0.00000E+0	0.00000E+0	0.00000E+0
3.06725E-5	6.22809E-2	1.48628E-1	0.00000E+0	0.00000E+0	0.00000E+0	0.00000E+0	0.00000E+0
3.07225E-5	6.22826E-2	1.56955E-1	0.00000E+0	0.00000E+0	0.00000E+0	0.00000E+0	0.00000E+0
3.07725E-5	6.22750E-2	1.18491E-1	0.00000E+0	0.00000E+0	0.00000E+0	0.00000E+0	0.00000E+0
3.08225E-5	6.22788E-2	1.37921E-1	0.00000E+0	0.00000E+0	0.00000E+0	0.00000E+0	0.00000E+0
3.08725E-5	6.22750E-2	1.18491E-1	0.00000E+0	0.00000E+0	0.00000E+0	0.00000E+0	0.00000E+0
3.09225E-5	6.22835E-2	1.61714E-1	0.00000E+0	0.00000E+0	0.00000E+0	0.00000E+0	0.00000E+0
3.09725E-5	6.22826E-2	1.56955E-1	0.00000E+0	0.00000E+0	0.00000E+0	0.00000E+0	0.00000E+0
3.10225E-5	6.22714E-2	1.00250E-1	0.00000E+0	0.00000E+0	0.00000E+0	0.00000E+0	0.00000E+0
3.10725E-5	6.22873E-2	1.81144E-1	0.00000E+0	0.00000E+0	0.00000E+0	0.00000E+0	0.00000E+0
3.11225E-5	6.22813E-2	1.50610E-1	0.00000E+0	0.00000E+0	0.00000E+0	0.00000E+0	0.00000E+0
3.11725E-5	6.22782E-2	1.34749E-1	0.00000E+0	0.00000E+0	0.00000E+0	0.00000E+0	0.00000E+0
3.12225E-5	6.22777E-2	1.32370E-1	0.00000E+0	0.00000E+0	0.00000E+0	0.00000E+0	0.00000E+0
3.12725E-5	6.22791E-2	1.39111E-1	0.00000E+0	0.00000E+0	0.00000E+0	0.00000E+0	0.00000E+0
3.13225E-5	6.22755E-2	1.20870E-1	0.00000E+0	0.00000E+0	0.00000E+0	0.00000E+0	0.00000E+0
3.13725E-5	6.22750E-2	1.18491E-1	0.00000E+0	0.00000E+0	0.00000E+0	0.00000E+0	0.00000E+0
3.14225E-5	6.22787E-2	1.37128E-1	0.00000E+0	0.00000E+0	0.00000E+0	0.00000E+0	0.00000E+0
3.14725E-5	6.22784E-2	1.35542E-1	0.00000E+0	0.00000E+0	0.00000E+0	0.00000E+0	0.00000E+0
3.15225E-5	6.22836E-2	1.62110E-1	0.00000E+0	0.00000E+0	0.00000E+0	0.00000E+0	0.00000E+0
3.15725E-5	6.22795E-2	1.41490E-1	0.00000E+0	0.00000E+0	0.00000E+0	0.00000E+0	0.00000E+0
3.16225E-5	6.22806E-2	1.47042E-1	0.00000E+0	0.00000E+0	0.00000E+0	0.00000E+0	0.00000E+0
3.16725E-5	6.22820E-2	1.54179E-1	0.00000E+0	0.00000E+0	0.00000E+0	0.00000E+0	0.00000E+0
3.17225E-5	6.22819E-2	1.53386E-1	0.00000E+0	0.00000E+0	0.00000E+0	0.00000E+0	0.00000E+0
3.17725E-5	6.22806E-2	1.47042E-1	0.00000E+0	0.00000E+0	0.00000E+0	0.00000E+0	0.00000E+0
3.18225E-5	6.22807E-2	1.47438E-1	0.00000E+0	0.00000E+0	0.00000E+0	0.00000E+0	0.00000E+0
3.18725E-5	6.22755E-2	1.20870E-1	0.00000E+0	0.00000E+0	0.00000E+0	0.00000E+0	0.00000E+0
3.19225E-5	6.22716E-2	1.01043E-1	0.00000E+0	0.00000E+0	0.00000E+0	0.00000E+0	0.00000E+0
3.19725E-5	6.22855E-2	1.71627E-1	0.00000E+0	0.00000E+0	0.00000E+0	0.00000E+0	0.00000E+0
3.20225E-5	6.22736E-2	1.11353E-1	0.00000E+0	0.00000E+0	0.00000E+0	0.00000E+0	0.00000E+0
3.20725E-5	6.22755E-2	1.21266E-1	0.00000E+0	0.00000E+0	0.00000E+0	0.00000E+0	0.00000E+0
3.21225E-5	6.22727E-2	1.06991E-1	0.00000E+0	0.00000E+0	0.00000E+0	0.00000E+0	0.00000E+0
3.21725E-5	6.22806E-2	1.47042E-1	0.00000E+0	0.00000E+0	0.00000E+0	0.00000E+0	0.00000E+0
3.22225E-5	6.22714E-2	1.00250E-1	0.00000E+0	0.00000E+0	0.00000E+0	0.00000E+0	0.00000E+0
3.22725E-5	6.22780E-2	1.33956E-1	0.00000E+0	0.00000E+0	0.00000E+0	0.00000E+0	0.00000E+0
3.23225E-5	6.22672E-2	7.88366E-2	0.00000E+0	0.00000E+0	0.00000E+0	0.00000E+0	0.00000E+0
3.23725E-5	6.22767E-2	1.27215E-1	0.00000E+0	0.00000E+0	0.00000E+0	0.00000E+0	0.00000E+0
3.24225E-5	6.22705E-2	9.58879E-2	0.00000E+0	0.00000E+0	0.00000E+0	0.00000E+0	0.00000E+0
3.24725E-5	6.22744E-2	1.15318E-1	0.00000E+0	0.00000E+0	0.00000E+0	0.00000E+0	0.00000E+0
3.25225E-5	6.22713E-2	9.94567E-2	0.00000E+0	0.00000E+0	0.00000E+0	0.00000E+0	0.00000E+0
3.25725E-5	6.22726E-2	1.06198E-1	0.00000E+0	0.00000E+0	0.00000E+0	0.00000E+0	0.00000E+0
3.26225E-5	6.22779E-2	1.33163E-1	0.00000E+0	0.00000E+0	0.00000E+0	0.00000E+0	0.00000E+0
3.26725E-5	6.22752E-2	1.19284E-1	0.00000E+0	0.00000E+0	0.00000E+0	0.00000E+0	0.00000E+0
3.27225E-5	6.22778E-2	1.32766E-1	0.00000E+0	0.00000E+0	0.00000E+0	0.00000E+0	0.00000E+0
3.27725E-5	6.22759E-2	1.23249E-1	0.00000E+0	0.00000E+0	0.00000E+0	0.00000E+0	0.00000E+0
3.28225E-5	6.22831E-2	1.59731E-1	0.00000E+0	0.00000E+0	0.00000E+0	0.00000E+0	0.00000E+0
3.28725E-5	6.22809E-2	1.48231E-1	0.00000E+0	0.00000E+0	0.00000E+0	0.00000E+0	0.00000E+0
3.29225E-5	6.22834E-2	1.60921E-1	0.00000E+0	0.00000E+0	0.00000E+0	0.00000E+0	0.00000E+0
3.29725E-5	6.22770E-2	1.28801E-1	0.00000E+0	0.00000E+0	0.00000E+0	0.00000E+0	0.00000E+0
3.30225E-5	6.22808E-2	1.47835E-1	0.00000E+0	0.00000E+0	0.00000E+0	0.00000E+0	0.00000E+0
3.30725E-5	6.22698E-2	9.19225E-2	0.00000E+0	0.00000E+0	0.00000E+0	0.00000E+0	0.00000E+0
3.31225E-5	6.22668E-2	7.68539E-2	0.00000E+0	0.00000E+0	0.00000E+0	0.00000E+0	0.00000E+0
3.31725E-5	6.22714E-2	1.00250E-1	0.00000E+0	0.00000E+0	0.00000E+0	0.00000E+0	0.00000E+0
3.32225E-5	6.22708E-2	9.70775E-2	0.00000E+0	0.00000E+0	0.00000E+0	0.00000E+0	0.00000E+0
3.32725E-5	6.22781E-2	1.34352E-1	0.00000E+0	0.00000E+0	0.00000E+0	0.00000E+0	0.00000E+0
3.33225E-5	6.22717E-2	1.01836E-1	0.00000E+0	0.00000E+0	0.00000E+0	0.00000E+0	0.00000E+0
3.33725E-5	6.22736E-2	1.11353E-1	0.00000E+0	0.00000E+0	0.00000E+0	0.00000E+0	0.00000E+0
3.34225E-5	6.22706E-2	9.62844E-2	0.00000E+0	0.00000E+0	0.00000E+0	0.00000E+0	0.00000E+0
3.34725E-5	6.22768E-2	1.27611E-1	0.00000E+0	0.00000E+0	0.00000E+0	0.00000E+0	0.00000E+0
3.35225E-5	6.22768E-2	1.27611E-1	0.00000E+0	0.00000E+0	0.00000E+0	0.00000E+0	0.00000E+0
3.35725E-5	6.22763E-2	1.25232E-1	0.00000E+0	0.00000E+0	0.00000E+0	0.00000E+0	0.00000E+0
3.36225E-5	6.22799E-2	1.43473E-1	0.00000E+0	0.00000E+0	0.00000E+0	0.00000E+0	0.00000E+0
3.36725E-5	6.22794E-2	1.40697E-1	0.00000E+0	0.00000E+0	0.00000E+0	0.00000E+0	0.00000E+0
3.37225E-5	6.22712E-2	9.90602E-2	0.00000E+0	0.00000E+0	0.00000E+0	0.00000E+0	0.00000E+0
3.37725E-5	6.22746E-2	1.16508E-1	0.00000E+0	0.00000E+0	0.00000E+0	0.00000E+0	0.00000E+0
3.38225E-5	6.22789E-2	1.38318E-1	0.00000E+0	0.00000E+0	0.00000E+0	0.00000E+0	0.00000E+0
3.38725E-5	6.22739E-2	1.12939E-1	0.00000E+0	0.00000E+0	0.00000E+0	0.00000E+0	0.00000E+0
3.39225E-5	6.22800E-2	1.43869E-1	0.00000E+0	0.00000E+0	0.00000E+0	0.00000E+0	0.00000E+0
3.39725E-5	6.22732E-2	1.09370E-1	0.00000E+0	0.00000E+0	0.00000E+0	0.00000E+0	0.00000E+0
3.40225E-5	6.22726E-2	1.06198E-1	0.00000E+0	0.00000E+0	0.00000E+0	0.00000E+0	0.00000E+0
3.40725E-5	6.22737E-2	1.12146E-1	0.00000E+0	0.00000E+0	0.00000E+0	0.00000E+0	0.00000E+0
3.41225E-5	6.22756E-2	1.21663E-1	0.00000E+0	0.00000E+0	0.00000E+0	0.00000E+0	0.00000E+0
3.41725E-5	6.22742E-2	1.14525E-1	0.00000E+0	0.00000E+0	0.00000E+0	0.00000E+0	0.00000E+0
3.42225E-5	6.22745E-2	1.16111E-1	0.00000E+0	0.00000E+0	0.00000E+0	0.00000E+0	0.00000E+0
3.42725E-5	6.22691E-2	8.87501E-2	0.00000E+0	0.00000E+0	0.00000E+0	0.00000E+0	0.00000E+0
3.43225E-5	6.22734E-2	1.10163E-1	0.00000E+0	0.00000E+0	0.00000E+0	0.00000E+0	0.00000E+0
3.43725E-5	6.22621E-2	5.30615E-2	0.00000E+0	0.00000E+0	0.00000E+0	0.00000E+0	0.00000E+0
3.44225E-5	6.22705E-2	9.54913E-2	0.00000E+0	0.00000E+0	0.00000E+0	0.00000E+0	0.00000E+0
3.44725E-5	6.22614E-2	4.94926E-2	0.00000E+0	0.00000E+0	0.00000E+0	0.00000E+0	0.00000E+0
3.45225E-5	6.22680E-2	8.31986E-2	0.00000E+0	0.00000E+0	0.00000E+0	0.00000E+0	0.00000E+0
3.45725E-5	6.22685E-2	8.55778E-2	0.00000E+0	0.00000E+0	0.00000E+0	0.00000E+0	0.00000E+0
3.46225E-5	6.22686E-2	8.59744E-2	0.00000E+0	0.00000E+0	0.00000E+0	0.00000E+0	0.00000E+0
3.46725E-5	6.22702E-2	9.39052E-2	0.00000E+0	0.00000E+0	0.00000E+0	0.00000E+0	0.00000E+0
3.47225E-5	6.22736E-2	1.11353E-1	0.00000E+0	0.00000E+0	0.00000E+0	0.00000E+0	0.00000E+0
3.47725E-5	6.22736E-2	1.11353E-1	0.00000E+0	0.00000E+0	0.00000E+0	0.00000E+0	0.00000E+0
3.48225E-5	6.22684E-2	8.51813E-2	0.00000E+0	0.00000E+0	0.00000E+0	0.00000E+0	0.00000E+0
3.48725E-5	6.22606E-2	4.55272E-2	0.00000E+0	0.00000E+0	0.00000E+0	0.00000E+0	0.00000E+0
3.49225E-5	6.22747E-2	1.16905E-1	0.00000E+0	0.00000E+0	0.00000E+0	0.00000E+0	0.00000E+0
3.49725E-5	6.22675E-2	8.04228E-2	0.00000E+0	0.00000E+0	0.00000E+0	0.00000E+0	0.00000E+0
3.50225E-5	6.22752E-2	1.19284E-1	0.00000E+0	0.00000E+0	0.00000E+0	0.00000E+0	0.00000E+0
3.50725E-5	6.22741E-2	1.13732E-1	0.00000E+0	0.00000E+0	0.00000E+0	0.00000E+0	0.00000E+0
3.51225E-5	6.22759E-2	1.23249E-1	0.00000E+0	0.00000E+0	0.00000E+0	0.00000E+0	0.00000E+0
3.51725E-5	6.22709E-2	9.78706E-2	0.00000E+0	0.00000E+0	0.00000E+0	0.00000E+0	0.00000E+0
3.52225E-5	6.22756E-2	1.21663E-1	0.00000E+0	0.00000E+0	0.00000E+0	0.00000E+0	0.00000E+0
3.52725E-5	6.22711E-2	9.86637E-2	0.00000E+0	0.00000E+0	0.00000E+0	0.00000E+0	0.00000E+0
3.53225E-5	6.22741E-2	1.14129E-1	0.00000E+0	0.00000E+0	0.00000E+0	0.00000E+0	0.00000E+0
3.53725E-5	6.22613E-2	4.90961E-2	0.00000E+0	0.00000E+0	0.00000E+0	0.00000E+0	0.00000E+0
3.54225E-5	6.22695E-2	9.07329E-2	0.00000E+0	0.00000E+0	0.00000E+0	0.00000E+0	0.00000E+0
3.54725E-5	6.22716E-2	1.01439E-1	0.00000E+0	0.00000E+0	0.00000E+0	0.00000E+0	0.00000E+0
3.55225E-5	6.22698E-2	9.23190E-2	0.00000E+0	0.00000E+0	0.00000E+0	0.00000E+0	0.00000E+0
3.55725E-5	6.22713E-2	9.98533E-2	0.00000E+0	0.00000E+0	0.00000E+0	0.00000E+0	0.00000E+0
3.56225E-5	6.22722E-2	1.04215E-1	0.00000E+0	0.00000E+0	0.00000E+0	0.00000E+0	0.00000E+0
3.56725E-5	6.22681E-2	8.35951E-2	0.00000E+0	0.00000E+0	0.00000E+0	0.00000E+0	0.00000E+0
3.57225E-5	6.22635E-2	6.01992E-2	0.00000E+0	0.00000E+0	0.00000E+0	0.00000E+0	0.00000E+0
3.57725E-5	6.22726E-2	1.06198E-1	0.00000E+0	0.00000E+0	0.00000E+0	0.00000E+0	0.00000E+0
3.58225E-5	6.22705E-2	9.54913E-2	0.00000E+0	0.00000E+0	0.00000E+0	0.00000E+0	0.00000E+0
3.58725E-5	6.22645E-2	6.49577E-2	0.00000E+0	0.00000E+0	0.00000E+0	0.00000E+0	0.00000E+0
3.59225E-5	6.22730E-2	1.08181E-1	0.00000E+0	0.00000E+0	0.00000E+0	0.00000E+0	0.00000E+0
3.59725E-5	6.22714E-2	1.00250E-1	0.00000E+0	0.00000E+0	0.00000E+0	0.00000E+0	0.00000E+0
3.60225E-5	6.22773E-2	1.29990E-1	0.00000E+0	0.00000E+0	0.00000E+0	0.00000E+0	0.00000E+0
3.60725E-5	6.22692E-2	8.91467E-2	0.00000E+0	0.00000E+0	0.00000E+0	0.00000E+0	0.00000E+0
3.61225E-5	6.22695E-2	9.07329E-2	0.00000E+0	0.00000E+0	0.00000E+0	0.00000E+0	0.00000E+0
3.61725E-5	6.22698E-2	9.23190E-2	0.00000E+0	0.00000E+0	0.00000E+0	0.00000E+0	0.00000E+0
3.62225E-5	6.22709E-2	9.78706E-2	0.00000E+0	0.00000E+0	0.00000E+0	0.00000E+0	0.00000E+0
3.62725E-5	6.22713E-2	9.98533E-2	0.00000E+0	0.00000E+0	0.00000E+0	0.00000E+0	0.00000E+0
3.63225E-5	6.22713E-2	9.98533E-2	0.00000E+0	0.00000E+0	0.00000E+0	0.00000E+0	0.00000E+0
3.63725E-5	6.22674E-2	8.00263E-2	0.00000E+0	0.00000E+0	0.00000E+0	0.00000E+0	0.00000E+0
3.64225E-5	6.22723E-2	1.05008E-1	0.00000E+0	0.00000E+0	0.00000E+0	0.00000E+0	0.00000E+0
3.64725E-5	6.22687E-2	8.63709E-2	0.00000E+0	0.00000E+0	0.00000E+0	0.00000E+0	0.00000E+0
3.65225E-5	6.22662E-2	7.36816E-2	0.00000E+0	0.00000E+0	0.00000E+0	0.00000E+0	0.00000E+0
3.65725E-5	6.22668E-2	7.68539E-2	0.00000E+0	0.00000E+0	0.00000E+0	0.00000E+0	0.00000E+0
3.66225E-5	6.22747E-2	1.16905E-1	0.00000E+0	0.00000E+0	0.00000E+0	0.00000E+0	0.00000E+0
3.66725E-5	6.22684E-2	8.51813E-2	0.00000E+0	0.00000E+0	0.00000E+0	0.00000E+0	0.00000E+0
3.67225E-5	6.22736E-2	1.11353E-1	0.00000E+0	0.00000E+0	0.00000E+0	0.00000E+0	0.00000E+0
3.67725E-5	6.22742E-2	1.14525E-1	0.00000E+0	0.00000E+0	0.00000E+0	0.00000E+0	0.00000E+0
3.68225E-5	6.22817E-2	1.52593E-1	0.00000E+0	0.00000E+0	0.00000E+0	0.00000E+0	0.00000E+0
3.68725E-5	6.22648E-2	6.69404E-2	0.00000E+0	0.00000E+0	0.00000E+0	0.00000E+0	0.00000E+0
3.69225E-5	6.22641E-2	6.33716E-2	0.00000E+0	0.00000E+0	0.00000E+0	0.00000E+0	0.00000E+0
3.69725E-5	6.22676E-2	8.08193E-2	0.00000E+0	0.00000E+0	0.00000E+0	0.00000E+0	0.00000E+0
3.70225E-5	6.22716E-2	1.01439E-1	0.00000E+0	0.00000E+0	0.00000E+0	0.00000E+0	0.00000E+0
3.70725E-5	6.22768E-2	1.27611E-1	0.00000E+0	0.00000E+0	0.00000E+0	0.00000E+0	0.00000E+0
3.71225E-5	6.22767E-2	1.27215E-1	0.00000E+0	0.00000E+0	0.00000E+0	0.00000E+0	0.00000E+0
3.71725E-5	6.22627E-2	5.62338E-2	0.00000E+0	0.00000E+0	0.00000E+0	0.00000E+0	0.00000E+0
3.72225E-5	6.22799E-2	1.43473E-1	0.00000E+0	0.00000E+0	0.00000E+0	0.00000E+0	0.00000E+0
3.72725E-5	6.22762E-2	1.24439E-1	0.00000E+0	0.00000E+0	0.00000E+0	0.00000E+0	0.00000E+0
3.73225E-5	6.22678E-2	8.20090E-2	0.00000E+0	0.00000E+0	0.00000E+0	0.00000E+0	0.00000E+0
3.73725E-5	6.22714E-2	1.00250E-1	0.00000E+0	0.00000E+0	0.00000E+0	0.00000E+0	0.00000E+0
3.74225E-5	6.22703E-2	9.46983E-2	0.00000E+0	0.00000E+0	0.00000E+0	0.00000E+0	0.00000E+0
3.74725E-5	6.22673E-2	7.96297E-2	0.00000E+0	0.00000E+0	0.00000E+0	0.00000E+0	0.00000E+0
3.75225E-5	6.22727E-2	1.06594E-1	0.00000E+0	0.00000E+0	0.00000E+0	0.00000E+0	0.00000E+0
3.75725E-5	6.22593E-2	3.87861E-2	0.00000E+0	0.00000E+0	0.00000E+0	0.00000E+0	0.00000E+0
3.76225E-5	6.22689E-2	8.75605E-2	0.00000E+0	0.00000E+0	0.00000E+0	0.00000E+0	0.00000E+0
3.76725E-5	6.22627E-2	5.62338E-2	0.00000E+0	0.00000E+0	0.00000E+0	0.00000E+0	0.00000E+0
3.77225E-5	6.22748E-2	1.17301E-1	0.00000E+0	0.00000E+0	0.00000E+0	0.00000E+0	0.00000E+0
3.77725E-5	6.22633E-2	5.90096E-2	0.00000E+0	0.00000E+0	0.00000E+0	0.00000E+0	0.00000E+0
3.78225E-5	6.22656E-2	7.09058E-2	0.00000E+0	0.00000E+0	0.00000E+0	0.00000E+0	0.00000E+0
3.78725E-5	6.22734E-2	1.10560E-1	0.00000E+0	0.00000E+0	0.00000E+0	0.00000E+0	0.00000E+0
3.79225E-5	6.22677E-2	8.12159E-2	0.00000E+0	0.00000E+0	0.00000E+0	0.00000E+0	0.00000E+0
3.79725E-5	6.22684E-2	8.51813E-2	0.00000E+0	0.00000E+0	0.00000E+0	0.00000E+0	0.00000E+0
3.80225E-5	6.22660E-2	7.28885E-2	0.00000E+0	0.00000E+0	0.00000E+0	0.00000E+0	0.00000E+0
3.80725E-5	6.22692E-2	8.91467E-2	0.00000E+0	0.00000E+0	0.00000E+0	0.00000E+0	0.00000E+0
3.81225E-5	6.22732E-2	1.09370E-1	0.00000E+0	0.00000E+0	0.00000E+0	0.00000E+0	0.00000E+0
3.81725E-5	6.22666E-2	7.56643E-2	0.00000E+0	0.00000E+0	0.00000E+0	0.00000E+0	0.00000E+0
3.82225E-5	6.22725E-2	1.05801E-1	0.00000E+0	0.00000E+0	0.00000E+0	0.00000E+0	0.00000E+0
3.82725E-5	6.22685E-2	8.55778E-2	0.00000E+0	0.00000E+0	0.00000E+0	0.00000E+0	0.00000E+0
3.83225E-5	6.22762E-2	1.24439E-1	0.00000E+0	0.00000E+0	0.00000E+0	0.00000E+0	0.00000E+0
3.83725E-5	6.22667E-2	7.64574E-2	0.00000E+0	0.00000E+0	0.00000E+0	0.00000E+0	0.00000E+0
3.84225E-5	6.22615E-2	4.98892E-2	0.00000E+0	0.00000E+0	0.00000E+0	0.00000E+0	0.00000E+0
3.84725E-5	6.22734E-2	1.10163E-1	0.00000E+0	0.00000E+0	0.00000E+0	0.00000E+0	0.00000E+0
3.85225E-5	6.22684E-2	8.51813E-2	0.00000E+0	0.00000E+0	0.00000E+0	0.00000E+0	0.00000E+0
3.85725E-5	6.22679E-2	8.24055E-2	0.00000E+0	0.00000E+0	0.00000E+0	0.00000E+0	0.00000E+0
3.86225E-5	6.22637E-2	6.09923E-2	0.00000E+0	0.00000E+0	0.00000E+0	0.00000E+0	0.00000E+0
3.86725E-5	6.22687E-2	8.67674E-2	0.00000E+0	0.00000E+0	0.00000E+0	0.00000E+0	0.00000E+0
3.87225E-5	6.22636E-2	6.05958E-2	0.00000E+0	0.00000E+0	0.00000E+0	0.00000E+0	0.00000E+0
3.87725E-5	6.22673E-2	7.92332E-2	0.00000E+0	0.00000E+0	0.00000E+0	0.00000E+0	0.00000E+0
3.88225E-5	6.22606E-2	4.55272E-2	0.00000E+0	0.00000E+0	0.00000E+0	0.00000E+0	0.00000E+0
3.88725E-5	6.22753E-2	1.20077E-1	0.00000E+0	0.00000E+0	0.00000E+0	0.00000E+0	0.00000E+0
3.89225E-5	6.22651E-2	6.81300E-2	0.00000E+0	0.00000E+0	0.00000E+0	0.00000E+0	0.00000E+0
3.89725E-5	6.22736E-2	1.11353E-1	0.00000E+0	0.00000E+0	0.00000E+0	0.00000E+0	0.00000E+0
3.90225E-5	6.22652E-2	6.89231E-2	0.00000E+0	0.00000E+0	0.00000E+0	0.00000E+0	0.00000E+0
3.90725E-5	6.22785E-2	1.36335E-1	0.00000E+0	0.00000E+0	0.00000E+0	0.00000E+0	0.00000E+0
3.91225E-5	6.22646E-2	6.57508E-2	0.00000E+0	0.00000E+0	0.00000E+0	0.00000E+0	0.00000E+0
3.91725E-5	6.22663E-2	7.44747E-2	0.00000E+0	0.00000E+0	0.00000E+0	0.00000E+0	0.00000E+0
3.92225E-5	6.22667E-2	7.64574E-2	0.00000E+0	0.00000E+0	0.00000E+0	0.00000E+0	0.00000E+0
3.92725E-5	6.22707E-2	9.66810E-2	0.00000E+0	0.00000E+0	0.00000E+0	0.00000E+0	0.00000E+0
3.93225E-5	6.22668E-2	7.68539E-2	0.00000E+0	0.00000E+0	0.00000E+0	0.00000E+0	0.00000E+0
3.93725E-5	6.22715E-2	1.00646E-1	0.00000E+0	0.00000E+0	0.00000E+0	0.00000E+0	0.00000E+0
3.94225E-5	6.22715E-2	1.00646E-1	0.00000E+0	0.00000E+0	0.00000E+0	0.00000E+0	0.00000E+0
3.94725E-5	6.22711E-2	9.86637E-2	0.00000E+0	0.00000E+0	0.00000E+0	0.00000E+0	0.00000E+0
3.95225E-5	6.22668E-2	7.68539E-2	0.00000E+0	0.00000E+0	0.00000E+0	0.00000E+0	0.00000E+0
3.95725E-5	6.22765E-2	1.26025E-1	0.00000E+0	0.00000E+0	0.00000E+0	0.00000E+0	0.00000E+0
3.96225E-5	6.22713E-2	9.98533E-2	0.00000E+0	0.00000E+0	0.00000E+0	0.00000E+0	0.00000E+0
3.96725E-5	6.22737E-2	1.12146E-1	0.00000E+0	0.00000E+0	0.00000E+0	0.00000E+0	0.00000E+0
3.97225E-5	6.22707E-2	9.66810E-2	0.00000E+0	0.00000E+0	0.00000E+0	0.00000E+0	0.00000E+0
3.97725E-5	6.22695E-2	9.03363E-2	0.00000E+0	0.00000E+0	0.00000E+0	0.00000E+0	0.00000E+0
3.98225E-5	6.22679E-2	8.24055E-2	0.00000E+0	0.00000E+0	0.00000E+0	0.00000E+0	0.00000E+0
3.98725E-5	6.22658E-2	7.16989E-2	0.00000E+0	0.00000E+0	0.00000E+0	0.00000E+0	0.00000E+0
3.99225E-5	6.22689E-2	8.75605E-2	0.00000E+0	0.00000E+0	0.00000E+0	0.00000E+0	0.00000E+0
3.99725E-5	6.22691E-2	8.83536E-2	0.00000E+0	0.00000E+0	0.00000E+0	0.00000E+0	0.00000E+0
4.00225E-5	6.22623E-2	5.42511E-2	0.00000E+0	0.00000E+0	0.00000E+0	0.00000E+0	0.00000E+0
4.00725E-5	6.22625E-2	5.50442E-2	0.00000E+0	0.00000E+0	0.00000E+0	0.00000E+0	0.00000E+0
4.01225E-5	6.22661E-2	7.32851E-2	0.00000E+0	0.00000E+0	0.00000E+0	0.00000E+0	0.00000E+0
4.01725E-5	6.22678E-2	8.20090E-2	0.00000E+0	0.00000E+0	0.00000E+0	0.00000E+0	0.00000E+0
4.02225E-5	6.22652E-2	6.85266E-2	0.00000E+0	0.00000E+0	0.00000E+0	0.00000E+0	0.00000E+0
4.02725E-5	6.22666E-2	7.56643E-2	0.00000E+0	0.00000E+0	0.00000E+0	0.00000E+0	0.00000E+0
4.03225E-5	6.22628E-2	5.66304E-2	0.00000E+0	0.00000E+0	0.00000E+0	0.00000E+0	0.00000E+0
4.03725E-5	6.22668E-2	7.68539E-2	0.00000E+0	0.00000E+0	0.00000E+0	0.00000E+0	0.00000E+0
4.04225E-5	6.22653E-2	6.93197E-2	0.00000E+0	0.00000E+0	0.00000E+0	0.00000E+0	0.00000E+0
4.04725E-5	6.22698E-2	9.23190E-2	0.00000E+0	0.00000E+0	0.00000E+0	0.00000E+0	0.00000E+0
4.05225E-5	6.22686E-2	8.59744E-2	0.00000E+0	0.00000E+0	0.00000E+0	0.00000E+0	0.00000E+0
4.05725E-5	6.22677E-2	8.12159E-2	0.00000E+0	0.00000E+0	0.00000E+0	0.00000E+0	0.00000E+0
4.06225E-5	6.22669E-2	7.72505E-2	0.00000E+0	0.00000E+0	0.00000E+0	0.00000E+0	0.00000E+0
4.06725E-5	6.22647E-2	6.61473E-2	0.00000E+0	0.00000E+0	0.00000E+0	0.00000E+0	0.00000E+0
4.07225E-5	6.22596E-2	4.03722E-2	0.00000E+0	0.00000E+0	0.00000E+0	0.00000E+0	0.00000E+0
4.07725E-5	6.22613E-2	4.90961E-2	0.00000E+0	0.00000E+0	0.00000E+0	0.00000E+0	0.00000E+0
4.08225E-5	6.22580E-2	3.24414E-2	0.00000E+0	0.00000E+0	0.00000E+0	0.00000E+0	0.00000E+0
4.08725E-5	6.22660E-2	7.28885E-2	0.00000E+0	0.00000E+0	0.00000E+0	0.00000E+0	0.00000E+0
4.09225E-5	6.22672E-2	7.88366E-2	0.00000E+0	0.00000E+0	0.00000E+0	0.00000E+0	0.00000E+0
4.09725E-5	6.22644E-2	6.45612E-2	0.00000E+0	0.00000E+0	0.00000E+0	0.00000E+0	0.00000E+0
4.10225E-5	6.22650E-2	6.77335E-2	0.00000E+0	0.00000E+0	0.00000E+0	0.00000E+0	0.00000E+0
4.10725E-5	6.22654E-2	6.97162E-2	0.00000E+0	0.00000E+0	0.00000E+0	0.00000E+0	0.00000E+0
4.11225E-5	6.22651E-2	6.81300E-2	0.00000E+0	0.00000E+0	0.00000E+0	0.00000E+0	0.00000E+0
4.11725E-5	6.22677E-2	8.12159E-2	0.00000E+0	0.00000E+0	0.00000E+0	0.00000E+0	0.00000E+0
4.12225E-5	6.22672E-2	7.88366E-2	0.00000E+0	0.00000E+0	0.00000E+0	0.00000E+0	0.00000E+0
4.12725E-5	6.22685E-2	8.55778E-2	0.00000E+0	0.00000E+0	0.00000E+0	0.00000E+0	0.00000E+0
4.13225E-5	6.22707E-2	9.66810E-2	0.00000E+0	0.00000E+0	0.00000E+0	0.00000E+0	0.00000E+0
4.13725E-5	6.22666E-2	7.56643E-2	0.00000E+0	0.00000E+0	0.00000E+0	0.00000E+0	0.00000E+0
4.14225E-5	6.22659E-2	7.24920E-2	0.00000E+0	0.00000E+0	0.00000E+0	0.00000E+0	0.00000E+0
4.14725E-5	6.22715E-2	1.00646E-1	0.00000E+0	0.00000E+0	0.00000E+0	0.00000E+0	0.00000E+0
4.15225E-5	6.22678E-2	8.20090E-2	0.00000E+0	0.00000E+0	0.00000E+0	0.00000E+0	0.00000E+0
4.15725E-5	6.22791E-2	1.39507E-1	0.00000E+0	0.00000E+0	0.00000E+0	0.00000E+0	0.00000E+0
4.16225E-5	6.22664E-2	7.48712E-2	0.00000E+0	0.00000E+0	0.00000E+0	0.00000E+0	0.00000E+0
4.16725E-5	6.22650E-2	6.77335E-2	0.00000E+0	0.00000E+0	0.00000E+0	0.00000E+0	0.00000E+0
4.17225E-5	6.22681E-2	8.35951E-2	0.00000E+0	0.00000E+0	0.00000E+0	0.00000E+0	0.00000E+0
4.17725E-5	6.22700E-2	9.31121E-2	0.00000E+0	0.00000E+0	0.00000E+0	0.00000E+0	0.00000E+0
4.18225E-5	6.22605E-2	4.51307E-2	0.00000E+0	0.00000E+0	0.00000E+0	0.00000E+0	0.00000E+0
4.18725E-5	6.22666E-2	7.56643E-2	0.00000E+0	0.00000E+0	0.00000E+0	0.00000E+0	0.00000E+0
4.19225E-5	6.22689E-2	8.75605E-2	0.00000E+0	0.00000E+0	0.00000E+0	0.00000E+0	0.00000E+0
4.19725E-5	6.22582E-2	3.32345E-2	0.00000E+0	0.00000E+0	0.00000E+0	0.00000E+0	0.00000E+0
4.20225E-5	6.22645E-2	6.53543E-2	0.00000E+0	0.00000E+0	0.00000E+0	0.00000E+0	0.00000E+0
4.20725E-5	6.22655E-2	7.05093E-2	0.00000E+0	0.00000E+0	0.00000E+0	0.00000E+0	0.00000E+0
4.21225E-5	6.22666E-2	7.60609E-2	0.00000E+0	0.00000E+0	0.00000E+0	0.00000E+0	0.00000E+0
4.21725E-5	6.22648E-2	6.65439E-2	0.00000E+0	0.00000E+0	0.00000E+0	0.00000E+0	0.00000E+0
4.22225E-5	6.22699E-2	9.27156E-2	0.00000E+0	0.00000E+0	0.00000E+0	0.00000E+0	0.00000E+0
4.22725E-5	6.22637E-2	6.09923E-2	0.00000E+0	0.00000E+0	0.00000E+0	0.00000E+0	0.00000E+0
4.23225E-5	6.22657E-2	7.13024E-2	0.00000E+0	0.00000E+0	0.00000E+0	0.00000E+0	0.00000E+0
4.23725E-5	6.22584E-2	3.44241E-2	0.00000E+0	0.00000E+0	0.00000E+0	0.00000E+0	0.00000E+0
4.24225E-5	6.22605E-2	4.51307E-2	0.00000E+0	0.00000E+0	0.00000E+0	0.00000E+0	0.00000E+0
4.24725E-5	6.22690E-2	8.79571E-2	0.00000E+0	0.00000E+0	0.00000E+0	0.00000E+0	0.00000E+0
4.25225E-5	6.22648E-2	6.65439E-2	0.00000E+0	0.00000E+0	0.00000E+0	0.00000E+0	0.00000E+0
4.25725E-5	6.22701E-2	9.35086E-2	0.00000E+0	0.00000E+0	0.00000E+0	0.00000E+0	0.00000E+0
4.26225E-5	6.22738E-2	1.12543E-1	0.00000E+0	0.00000E+0	0.00000E+0	0.00000E+0	0.00000E+0
4.26725E-5	6.22726E-2	1.06198E-1	0.00000E+0	0.00000E+0	0.00000E+0	0.00000E+0	0.00000E+0
4.27225E-5	6.22693E-2	8.95432E-2	0.00000E+0	0.00000E+0	0.00000E+0	0.00000E+0	0.00000E+0
4.27725E-5	6.22778E-2	1.32766E-1	0.00000E+0	0.00000E+0	0.00000E+0	0.00000E+0	0.00000E+0
4.28225E-5	6.22601E-2	4.27515E-2	0.00000E+0	0.00000E+0	0.00000E+0	0.00000E+0	0.00000E+0
4.28725E-5	6.22654E-2	6.97162E-2	0.00000E+0	0.00000E+0	0.00000E+0	0.00000E+0	0.00000E+0
4.29225E-5	6.22697E-2	9.15259E-2	0.00000E+0	0.00000E+0	0.00000E+0	0.00000E+0	0.00000E+0
4.29725E-5	6.22647E-2	6.61473E-2	0.00000E+0	0.00000E+0	0.00000E+0	0.00000E+0	0.00000E+0
4.30225E-5	6.22703E-2	9.46983E-2	0.00000E+0	0.00000E+0	0.00000E+0	0.00000E+0	0.00000E+0
4.30725E-5	6.22703E-2	9.46983E-2	0.00000E+0	0.00000E+0	0.00000E+0	0.00000E+0	0.00000E+0
4.31225E-5	6.22714E-2	1.00250E-1	0.00000E+0	0.00000E+0	0.00000E+0	0.00000E+0	0.00000E+0
4.31725E-5	6.22721E-2	1.03819E-1	0.00000E+0	0.00000E+0	0.00000E+0	0.00000E+0	0.00000E+0
4.32225E-5	6.22630E-2	5.78200E-2	0.00000E+0	0.00000E+0	0.00000E+0	0.00000E+0	0.00000E+0
4.32725E-5	6.22683E-2	8.43882E-2	0.00000E+0	0.00000E+0	0.00000E+0	0.00000E+0	0.00000E+0
4.33225E-5	6.22687E-2	8.63709E-2	0.00000E+0	0.00000E+0	0.00000E+0	0.00000E+0	0.00000E+0
4.33725E-5	6.22601E-2	4.27515E-2	0.00000E+0	0.00000E+0	0.00000E+0	0.00000E+0	0.00000E+0
4.34225E-5	6.22654E-2	6.97162E-2	0.00000E+0	0.00000E+0	0.00000E+0	0.00000E+0	0.00000E+0
4.34725E-5	6.22597E-2	4.07688E-2	0.00000E+0	0.00000E+0	0.00000E+0	0.00000E+0	0.00000E+0
4.35225E-5	6.22677E-2	8.12159E-2	0.00000E+0	0.00000E+0	0.00000E+0	0.00000E+0	0.00000E+0
4.35725E-5	6.22647E-2	6.61473E-2	0.00000E+0	0.00000E+0	0.00000E+0	0.00000E+0	0.00000E+0
4.36225E-5	6.22634E-2	5.98027E-2	0.00000E+0	0.00000E+0	0.00000E+0	0.00000E+0	0.00000E+0
4.36725E-5	6.22651E-2	6.81300E-2	0.00000E+0	0.00000E+0	0.00000E+0	0.00000E+0	0.00000E+0
4.37225E-5	6.22709E-2	9.74740E-2	0.00000E+0	0.00000E+0	0.00000E+0	0.00000E+0	0.00000E+0
4.37725E-5	6.22688E-2	8.71640E-2	0.00000E+0	0.00000E+0	0.00000E+0	0.00000E+0	0.00000E+0
4.38225E-5	6.22709E-2	9.74740E-2	0.00000E+0	0.00000E+0	0.00000E+0	0.00000E+0	0.00000E+0
4.38725E-5	6.22715E-2	1.00646E-1	0.00000E+0	0.00000E+0	0.00000E+0	0.00000E+0	0.00000E+0
4.39225E-5	6.22719E-2	1.02629E-1	0.00000E+0	0.00000E+0	0.00000E+0	0.00000E+0	0.00000E+0
4.39725E-5	6.22610E-2	4.75099E-2	0.00000E+0	0.00000E+0	0.00000E+0	0.00000E+0	0.00000E+0
4.40225E-5	6.22727E-2	1.06594E-1	0.00000E+0	0.00000E+0	0.00000E+0	0.00000E+0	0.00000E+0
4.40725E-5	6.22626E-2	5.54408E-2	0.00000E+0	0.00000E+0	0.00000E+0	0.00000E+0	0.00000E+0
4.41225E-5	6.22642E-2	6.37681E-2	0.00000E+0	0.00000E+0	0.00000E+0	0.00000E+0	0.00000E+0
4.41725E-5	6.22676E-2	8.08193E-2	0.00000E+0	0.00000E+0	0.00000E+0	0.00000E+0	0.00000E+0
4.42225E-5	6.22673E-2	7.92332E-2	0.00000E+0	0.00000E+0	0.00000E+0	0.00000E+0	0.00000E+0
4.42725E-5	6.22709E-2	9.78706E-2	0.00000E+0	0.00000E+0	0.00000E+0	0.00000E+0	0.00000E+0
4.43225E-5	6.22730E-2	1.08577E-1	0.00000E+0	0.00000E+0	0.00000E+0	0.00000E+0	0.00000E+0
4.43725E-5	6.22697E-2	9.15259E-2	0.00000E+0	0.00000E+0	0.00000E+0	0.00000E+0	0.00000E+0
4.44225E-5	6.22662E-2	7.36816E-2	0.00000E+0	0.00000E+0	0.00000E+0	0.00000E+0	0.00000E+0
4.44725E-5	6.22654E-2	6.97162E-2	0.00000E+0	0.00000E+0	0.00000E+0	0.00000E+0	0.00000E+0
4.45225E-5	6.22629E-2	5.70269E-2	0.00000E+0	0.00000E+0	0.00000E+0	0.00000E+0	0.00000E+0
4.45725E-5	6.22655E-2	7.01127E-2	0.00000E+0	0.00000E+0	0.00000E+0	0.00000E+0	0.00000E+0
4.46225E-5	6.22588E-2	3.64068E-2	0.00000E+0	0.00000E+0	0.00000E+0	0.00000E+0	0.00000E+0
4.46725E-5	6.22650E-2	6.77335E-2	0.00000E+0	0.00000E+0	0.00000E+0	0.00000E+0	0.00000E+0
4.47225E-5	6.22673E-2	7.92332E-2	0.00000E+0	0.00000E+0	0.00000E+0	0.00000E+0	0.00000E+0
4.47725E-5	6.22668E-2	7.68539E-2	0.00000E+0	0.00000E+0	0.00000E+0	0.00000E+0	0.00000E+0
4.48225E-5	6.22658E-2	7.16989E-2	0.00000E+0	0.00000E+0	0.00000E+0	0.00000E+0	0.00000E+0
4.48725E-5	6.22584E-2	3.40276E-2	0.00000E+0	0.00000E+0	0.00000E+0	0.00000E+0	0.00000E+0
4.49225E-5	6.22559E-2	2.17348E-2	0.00000E+0	0.00000E+0	0.00000E+0	0.00000E+0	0.00000E+0
4.49725E-5	6.22573E-2	2.88725E-2	0.00000E+0	0.00000E+0	0.00000E+0	0.00000E+0	0.00000E+0
