% Model:              Roman - Membrane.mph
% Version:            COMSOL 5.5.0.359
% Date:               Sep 2 2020, 17:13
% Table:              Accumulated Probe Table 4 - 
% rh (m)                 t (s)                    k1 (W/(m*K))             Temperature (K), Point: (0, 0, 235)
60                       -2.5000000000000004E-7   50                       299.99999999999994
60                       0                        50                       300.14940046067954
60                       2.5000000000000004E-7    50                       302.66648828764664
60                       5.000000000000001E-7     50                       303.48185902121156
60                       7.500000000000001E-7     50                       304.02374688412215
60                       1.0000000000000002E-6    50                       304.4270505898061
60                       1.2500000000000003E-6    50                       304.74245332107444
60                       1.5E-6                   50                       305.0089996034928
60                       1.7500000000000002E-6    50                       305.25100471359275
60                       2.0000000000000003E-6    50                       305.4641635535208
60                       2.2500000000000005E-6    50                       305.6532095782522
60                       2.5E-6                   50                       305.8221828701114
60                       2.7500000000000004E-6    50                       305.969186338746
60                       3.0000000000000005E-6    50                       306.1079981569469
60                       3.2500000000000002E-6    50                       306.2377319216439
60                       3.5000000000000004E-6    50                       306.35611906427164
60                       3.7500000000000005E-6    50                       306.4631595848302
60                       4.000000000000001E-6     50                       306.55885348331964
60                       4.250000000000001E-6     50                       306.6547488522404
60                       4.500000000000001E-6     50                       306.7433660536185
60                       4.750000000000001E-6     50                       306.82464067153836
60                       5.0E-6                   50                       306.8985727060002
60                       5.2500000000000006E-6    50                       306.9666831719528
60                       5.500000000000001E-6     50                       307.0364040107603
60                       5.750000000000001E-6     50                       307.1021758386624
60                       6.000000000000001E-6     50                       307.1639986556593
60                       6.250000000000001E-6     50                       307.22187246175093
60                       6.500000000000001E-6     50                       307.27732874398555
60                       6.750000000000001E-6     50                       307.332596052805
60                       7.000000000000001E-6     50                       307.3855312535321
60                       7.250000000000001E-6     50                       307.43613434616685
60                       7.500000000000002E-6     50                       307.4844053307092
60                       7.750000000000002E-6     50                       307.5313363535046
60                       8.000000000000001E-6     50                       307.5772605442606
60                       8.250000000000002E-6     50                       307.6215226257546
60                       8.500000000000002E-6     50                       307.6641225979866
60                       8.750000000000003E-6     50                       307.7058417939263
60                       9.000000000000002E-6     50                       307.7464649801737
60                       9.250000000000003E-6     50                       307.785849614293
60                       9.500000000000002E-6     50                       307.82428401011094
60                       9.750000000000003E-6     50                       307.8617596875146
60                       1.0000000000000003E-5    50                       307.4954485909827
60                       1.0250000000000002E-5    50                       305.3358793709977
60                       1.0500000000000003E-5    50                       304.5390509242401
60                       1.0750000000000002E-5    50                       303.9730889769131
60                       1.1000000000000003E-5    50                       303.57712939381435
60                       1.1250000000000002E-5    50                       303.273722651374
60                       1.1500000000000003E-5    50                       303.0278010609811
60                       1.1750000000000003E-5    50                       302.82277287232586
60                       1.2000000000000002E-5    50                       302.65409218450014
60                       1.2250000000000003E-5    50                       302.49936215134204
60                       1.2500000000000002E-5    50                       302.3659724535685
60                       1.2750000000000003E-5    50                       302.2524559055822
60                       1.3000000000000003E-5    50                       302.14618054663316
60                       1.3250000000000004E-5    50                       302.0542901095025
60                       1.3500000000000003E-5    50                       301.97678459419024
60                       1.3750000000000002E-5    50                       301.90148299847544
60                       1.4000000000000003E-5    50                       301.8330130710292
60                       1.4250000000000002E-5    50                       301.77238020089806
60                       1.4500000000000003E-5    50                       301.71531309727817
60                       1.4750000000000003E-5    50                       301.6613403922156
60                       1.5000000000000004E-5    50                       301.6119735622781
60                       1.5250000000000005E-5    50                       301.5654263020485
60                       1.5500000000000004E-5    50                       301.51977461050774
60                       1.5750000000000003E-5    50                       301.4765862871268
60                       1.6000000000000003E-5    50                       301.4358613319057
60                       1.6250000000000002E-5    50                       301.39759974484446
60                       1.6500000000000005E-5    50                       301.3618015259432
60                       1.6750000000000004E-5    50                       301.32845641587517
60                       1.7000000000000003E-5    50                       301.29524999681854
60                       1.7250000000000003E-5    50                       301.2638808314947
60                       1.7500000000000005E-5    50                       301.23434891990365
60                       1.7750000000000005E-5    50                       301.2066542620454
60                       1.8000000000000004E-5    50                       301.1807968579199
60                       1.8250000000000003E-5    50                       301.15677670752723
60                       1.8500000000000002E-5    50                       301.1327287834729
60                       1.8750000000000005E-5    50                       301.10828876091773
60                       1.9000000000000004E-5    50                       301.084729564134
60                       1.9250000000000004E-5    50                       301.0620511931218
60                       1.9500000000000003E-5    50                       301.04025364788095
60                       1.9750000000000006E-5    50                       301.0193369284115
60                       2.0000000000000005E-5    50                       300.9993010347134
60                       2.0250000000000004E-5    50                       300.9801459667868
60                       2.0500000000000004E-5    50                       300.96187172463164
60                       2.0750000000000003E-5    50                       300.9444783082477
60                       2.1000000000000006E-5    50                       300.92796571763535
60                       2.1250000000000005E-5    50                       300.91233395279437
60                       2.1500000000000004E-5    50                       300.8975830137248
60                       2.1750000000000004E-5    50                       300.88238085357466
60                       2.2000000000000003E-5    50                       300.86712635959066
60                       2.2250000000000006E-5    50                       300.852454966786
60                       2.2500000000000005E-5    50                       300.8383666751608
60                       2.2750000000000004E-5    50                       300.82486148471503
60                       2.3000000000000003E-5    50                       300.81193939544875
60                       2.3250000000000006E-5    50                       300.79960040736194
60                       2.3500000000000005E-5    50                       300.7878445204545
60                       2.3750000000000005E-5    50                       300.77667173472656
60                       2.4000000000000004E-5    50                       300.766082050178
60                       2.4250000000000003E-5    50                       300.75607546680885
60                       2.4500000000000006E-5    50                       300.74665198461923
60                       2.4750000000000005E-5    50                       300.7378116036091
60                       2.5000000000000005E-5    50                       300.7280871250202
60                       2.5250000000000004E-5    50                       300.71824283829136
60                       2.5500000000000007E-5    50                       300.70870024858465
60                       2.5750000000000006E-5    50                       300.6994593559002
60                       2.6000000000000005E-5    50                       300.6905201602381
60                       2.6250000000000004E-5    50                       300.68188266159825
60                       2.6500000000000004E-5    50                       300.67354685998066
60                       2.6750000000000006E-5    50                       300.6655127553854
60                       2.7000000000000006E-5    50                       300.65778034781226
60                       2.7250000000000005E-5    50                       300.65034963726146
60                       2.7500000000000004E-5    50                       300.64322062373293
60                       2.7750000000000004E-5    50                       300.6363933072266
60                       2.8000000000000006E-5    50                       300.6298676877426
60                       2.8250000000000006E-5    50                       300.62259298189423
60                       2.8500000000000005E-5    50                       300.6152939093026
60                       2.8750000000000004E-5    50                       300.6081203543589
60                       2.9000000000000007E-5    50                       300.6010723170632
60                       2.9250000000000006E-5    50                       300.59414979741547
60                       2.9500000000000006E-5    50                       300.5873527954157
60                       2.9750000000000005E-5    50                       300.580681311064
60                       3.0000000000000004E-5    50                       300.57413534436023
60                       3.0250000000000007E-5    50                       300.56771489530445
60                       3.0500000000000003E-5    50                       300.5614199638967
60                       3.075000000000001E-5     50                       300.5552505501369
60                       3.100000000000001E-5     50                       300.54920665402506
60                       3.125000000000001E-5     50                       300.5432882755612
60                       3.150000000000001E-5     50                       300.5374954147453
60                       3.1750000000000006E-5    50                       300.53182807157754
60                       3.2000000000000005E-5    50                       300.5262862460577
60                       3.2250000000000005E-5    50                       300.5208699381857
60                       3.2500000000000004E-5    50                       300.51557914796183
60                       3.275E-5                 50                       300.5104138753859
60                       3.300000000000001E-5     50                       300.5053741204579
60                       3.325000000000001E-5     50                       300.50045988317794
60                       3.350000000000001E-5     50                       300.4956711635459
60                       3.375000000000001E-5     50                       300.491007961562
60                       3.4000000000000007E-5    50                       300.48647027722603
60                       3.4250000000000006E-5    50                       300.48166103125203
60                       3.4500000000000005E-5    50                       300.4768196718483
60                       3.4750000000000004E-5    50                       300.472062174816
60                       3.5000000000000004E-5    50                       300.4673885401553
60                       3.525000000000001E-5     50                       300.4627987678658
60                       3.550000000000001E-5     50                       300.45829285794787
60                       3.575000000000001E-5     50                       300.4538708104014
60                       3.600000000000001E-5     50                       300.4495326252263
60                       3.625000000000001E-5     50                       300.44527830242265
60                       3.6500000000000006E-5    50                       300.4411078419905
60                       3.6750000000000006E-5    50                       300.4370212439298
60                       3.7000000000000005E-5    50                       300.4330185082405
60                       3.7250000000000004E-5    50                       300.42909963492264
60                       3.750000000000001E-5     50                       300.4252646239762
60                       3.775000000000001E-5     50                       300.4215134754013
60                       3.800000000000001E-5     50                       300.4178461891978
60                       3.825000000000001E-5     50                       300.4142627653657
60                       3.850000000000001E-5     50                       300.41076320390505
60                       3.875000000000001E-5     50                       300.40734750481585
60                       3.9000000000000006E-5    50                       300.40401566809817
60                       3.9250000000000005E-5    50                       300.40076769375185
60                       3.9500000000000005E-5    50                       300.39760358177705
60                       3.975000000000001E-5     50                       300.3945233321736
60                       4.000000000000001E-5     50                       300.39152694494163
60                       4.025000000000001E-5     50                       300.38828522275423
60                       4.050000000000001E-5     50                       300.3849295516505
60                       4.075000000000001E-5     50                       300.3816178684372
60                       4.100000000000001E-5     50                       300.37835017311426
60                       4.1250000000000007E-5    50                       300.3751264656819
60                       4.1500000000000006E-5    50                       300.37194674613994
60                       4.1750000000000005E-5    50                       300.36881101448853
60                       4.2000000000000004E-5    50                       300.3657192707276
60                       4.225000000000001E-5     50                       300.3626715148572
60                       4.250000000000001E-5     50                       300.3596677468772
60                       4.275000000000001E-5     50                       300.3567079667876
60                       4.300000000000001E-5     50                       300.35379217458853
60                       4.325000000000001E-5     50                       300.35092037028
60                       4.350000000000001E-5     50                       300.3480925538619
60                       4.3750000000000006E-5    50                       300.3453087253341
60                       4.4000000000000006E-5    50                       300.3425688846971
60                       4.4250000000000005E-5    50                       300.33987303195033
60                       4.450000000000001E-5     50                       300.33722116709424
60                       4.475000000000001E-5     50                       300.33461329012846
60                       4.500000000000001E-5     50                       300.33204940105315
60                       4.525000000000001E-5     50                       300.32952949986844
60                       4.550000000000001E-5     50                       300.32705358657404
60                       4.575000000000001E-5     50                       300.32462166117034
60                       4.600000000000001E-5     50                       300.32223372365695
60                       4.6250000000000006E-5    50                       300.31975770808367
60                       4.6500000000000005E-5    50                       300.3172098960657
60                       4.675000000000001E-5     50                       300.31468717614183
60                       4.700000000000001E-5     50                       300.31218954831206
60                       4.725000000000001E-5     50                       300.3097170125762
60                       4.750000000000001E-5     50                       300.3072695689345
60                       4.775000000000001E-5     50                       300.30484721738685
60                       4.800000000000001E-5     50                       300.30244995793305
60                       4.825000000000001E-5     50                       300.30007779057354
60                       4.8500000000000007E-5    50                       300.2977307153079
60                       4.8750000000000006E-5    50                       300.2954087321365
60                       4.900000000000001E-5     50                       300.29311184105893
60                       4.925000000000001E-5     50                       300.29084004207556
60                       4.950000000000001E-5     50                       300.28859333518614
60                       4.975000000000001E-5     50                       300.2863717203908
60                       5.000000000000001E-5     50                       300.2841751976895
60                       5.025000000000001E-5     50                       300.2820037670822
60                       5.050000000000001E-5     50                       300.27985742856913
60                       5.075000000000001E-5     50                       300.27773618214997
60                       5.1000000000000006E-5    50                       300.2756400278248
60                       5.125000000000001E-5     50                       300.2735689655938
60                       5.150000000000001E-5     50                       300.2715229954568
60                       5.175000000000001E-5     50                       300.26950211741377
60                       5.200000000000001E-5     50                       300.26750633146486
60                       5.225000000000001E-5     50                       300.2654882479713
60                       5.250000000000001E-5     50                       300.26343503941143
60                       5.275000000000001E-5     50                       300.2613986561123
60                       5.300000000000001E-5     50                       300.2593790980738
60                       5.325000000000001E-5     50                       300.25737636529607
60                       5.350000000000001E-5     50                       300.255390457779
60                       5.375000000000001E-5     50                       300.2534213755225
60                       5.400000000000001E-5     50                       300.2514691185268
60                       5.425000000000001E-5     50                       300.24953368679184
60                       5.450000000000001E-5     50                       300.24761508031736
60                       5.475000000000001E-5     50                       300.24571329910384
60                       5.500000000000001E-5     50                       300.24382834315077
60                       5.525000000000001E-5     50                       300.2419602124585
60                       5.550000000000001E-5     50                       300.2401089070268
60                       5.575000000000001E-5     50                       300.2382744268559
60                       5.600000000000001E-5     50                       300.2364567719457
60                       5.625000000000001E-5     50                       300.2346559422962
60                       5.650000000000001E-5     50                       300.2328719379073
60                       5.675000000000001E-5     50                       300.23110475877905
60                       5.700000000000001E-5     50                       300.22935440491165
60                       5.725000000000001E-5     50                       300.2276208763048
60                       5.750000000000001E-5     50                       300.2259041729587
60                       5.775000000000001E-5     50                       300.22420429487323
60                       5.800000000000001E-5     50                       300.2225212420484
60                       5.825000000000001E-5     50                       300.22083913908426
60                       5.850000000000001E-5     50                       300.2191440245124
60                       5.875000000000001E-5     50                       300.21746219619297
60                       5.900000000000001E-5     50                       300.215793654126
60                       5.925000000000001E-5     50                       300.2141383983115
60                       5.950000000000001E-5     50                       300.21249642874955
60                       5.975000000000001E-5     50                       300.21086774543994
60                       6.000000000000001E-5     50                       300.20925234838285
60                       -2.5000000000000004E-7   70                       299.99999999999994
60                       0                        70                       300.13028858329284
60                       2.5000000000000004E-7    70                       302.3526753824367
60                       5.000000000000001E-7     70                       303.01694442666104
60                       7.500000000000001E-7     70                       303.4114838562991
60                       1.0000000000000002E-6    70                       303.7156771415413
60                       1.2500000000000003E-6    70                       303.94951146493776
60                       1.5E-6                   70                       304.14508369584416
60                       1.7500000000000002E-6    70                       304.3048877293609
60                       2.0000000000000003E-6    70                       304.44001675558593
60                       2.2500000000000005E-6    70                       304.57514578181105
60                       2.5E-6                   70                       304.68118945288575
60                       2.7500000000000004E-6    70                       304.78556058942775
60                       3.0000000000000005E-6    70                       304.88241137716665
60                       3.2500000000000002E-6    70                       304.96685671994874
60                       3.5000000000000004E-6    70                       305.0513020627309
60                       3.7500000000000005E-6    70                       305.1304300880439
60                       4.000000000000001E-6     70                       305.20478452157636
60                       4.250000000000001E-6     70                       305.27524783205075
60                       4.500000000000001E-6     70                       305.34182001946704
60                       4.750000000000001E-6     70                       305.40450108382544
60                       5.0E-6                   70                       305.4642359535435
60                       5.2500000000000006E-6    70                       305.5209436616024
60                       5.500000000000001E-6     70                       305.5742437766407
60                       5.750000000000001E-6     70                       305.6241362986581
60                       6.000000000000001E-6     70                       305.67062122765475
60                       6.250000000000001E-6     70                       305.71623008943305
60                       6.500000000000001E-6     70                       305.76189757501476
60                       6.750000000000001E-6     70                       305.80582138175214
60                       7.000000000000001E-6     70                       305.84800150964514
60                       7.250000000000001E-6     70                       305.88843795869377
60                       7.500000000000002E-6     70                       305.92713072889813
60                       7.750000000000002E-6     70                       305.9640798202579
60                       8.000000000000001E-6     70                       305.99928523277345
60                       8.250000000000002E-6     70                       306.03274696644456
60                       8.500000000000002E-6     70                       306.0644650212712
60                       8.750000000000003E-6     70                       306.0949157654606
60                       9.000000000000002E-6     70                       306.12517054506003
60                       9.250000000000003E-6     70                       306.15402471156193
60                       9.500000000000002E-6     70                       306.1814782649663
60                       9.750000000000003E-6     70                       306.2075312052732
60                       1.0000000000000003E-5    70                       305.8524722880081
60                       1.0250000000000002E-5    70                       304.18513021286196
60                       1.0500000000000003E-5    70                       303.40543959332376
60                       1.0750000000000002E-5    70                       302.9412650658417
60                       1.1000000000000003E-5    70                       302.62468273928897
60                       1.1250000000000002E-5    70                       302.3891974070811
60                       1.1500000000000003E-5    70                       302.20675707223427
60                       1.1750000000000003E-5    70                       302.05552124203393
60                       1.2000000000000002E-5    70                       301.92421159405643
60                       1.2250000000000003E-5    70                       301.81337637605884
60                       1.2500000000000002E-5    70                       301.71611775002975
60                       1.2750000000000003E-5    70                       301.6345551502476
60                       1.3000000000000003E-5    70                       301.5554260532937
60                       1.3250000000000004E-5    70                       301.4841253873075
60                       1.3500000000000003E-5    70                       301.4206531522888
60                       1.3750000000000002E-5    70                       301.3650093482379
60                       1.4000000000000003E-5    70                       301.31284911956357
60                       1.4250000000000002E-5    70                       301.26405888406214
60                       1.4500000000000003E-5    70                       301.2204946315891
60                       1.4750000000000003E-5    70                       301.18215636214455
60                       1.5000000000000004E-5    70                       301.1479424432645
60                       1.5250000000000005E-5    70                       301.112922257769
60                       1.5500000000000004E-5    70                       301.0806879520683
60                       1.5750000000000003E-5    70                       301.0512395261623
60                       1.6000000000000003E-5    70                       301.024576980051
60                       1.6250000000000002E-5    70                       300.9977419748841
60                       1.6500000000000005E-5    70                       300.97128143458144
60                       1.6750000000000004E-5    70                       300.9460568378153
60                       1.7000000000000003E-5    70                       300.9220681845856
60                       1.7250000000000003E-5    70                       300.89931547489255
60                       1.7500000000000005E-5    70                       300.87779870873607
60                       1.7750000000000005E-5    70                       300.85751788611594
60                       1.8000000000000004E-5    70                       300.8384730070326
60                       1.8250000000000003E-5    70                       300.8206640714857
60                       1.8500000000000002E-5    70                       300.8026371041455
60                       1.8750000000000005E-5    70                       300.78518764369
60                       1.9000000000000004E-5    70                       300.76860839508186
60                       1.9250000000000004E-5    70                       300.7528993583213
60                       1.9500000000000003E-5    70                       300.7380605334083
60                       1.9750000000000006E-5    70                       300.7240919203428
60                       2.0000000000000005E-5    70                       300.7109935191249
60                       2.0250000000000004E-5    70                       300.6987653297545
60                       2.0500000000000004E-5    70                       300.68740735223156
60                       2.0750000000000003E-5    70                       300.67464556538005
60                       2.1000000000000006E-5    70                       300.6620078131131
60                       2.1250000000000005E-5    70                       300.64972467407057
60                       2.1500000000000004E-5    70                       300.63779614825216
60                       2.1750000000000004E-5    70                       300.62622223565825
60                       2.2000000000000003E-5    70                       300.61500293628853
60                       2.2250000000000006E-5    70                       300.6041382501432
60                       2.2500000000000005E-5    70                       300.59362817722206
60                       2.2750000000000004E-5    70                       300.58347271752535
60                       2.3000000000000003E-5    70                       300.5736718710528
60                       2.3250000000000006E-5    70                       300.56422563780467
60                       2.3500000000000005E-5    70                       300.5551340177808
60                       2.3750000000000005E-5    70                       300.54639701098125
60                       2.4000000000000004E-5    70                       300.538014617406
60                       2.4250000000000003E-5    70                       300.5299868370551
60                       2.4500000000000006E-5    70                       300.52231366992845
60                       2.4750000000000005E-5    70                       300.51499511602606
60                       2.5000000000000005E-5    70                       300.5081488597945
60                       2.5250000000000004E-5    70                       300.5032444380181
60                       2.5500000000000007E-5    70                       300.4983400162417
60                       2.5750000000000006E-5    70                       300.49343559446527
60                       2.6000000000000005E-5    70                       300.4885311726888
60                       2.6250000000000004E-5    70                       300.4836267509123
60                       2.6500000000000004E-5    70                       300.4787223291359
60                       2.6750000000000006E-5    70                       300.4738179073595
60                       2.7000000000000006E-5    70                       300.46891348558313
60                       2.7250000000000005E-5    70                       300.46400906380666
60                       2.7500000000000004E-5    70                       300.4591046420302
60                       2.7750000000000004E-5    70                       300.45420022025377
60                       2.8000000000000006E-5    70                       300.4492957984773
60                       2.8250000000000006E-5    70                       300.44439137670093
60                       2.8500000000000005E-5    70                       300.43948695492446
60                       2.8750000000000004E-5    70                       300.43458253314793
60                       2.9000000000000007E-5    70                       300.4296781113716
60                       2.9250000000000006E-5    70                       300.4247736895951
60                       2.9500000000000006E-5    70                       300.42008150959015
60                       2.9750000000000005E-5    70                       300.41611718562183
60                       3.0000000000000004E-5    70                       300.4121528616535
60                       3.0250000000000007E-5    70                       300.4081885376852
60                       3.0500000000000003E-5    70                       300.4042242137168
60                       3.075000000000001E-5     70                       300.4002598897486
60                       3.100000000000001E-5     70                       300.39629556578024
60                       3.125000000000001E-5     70                       300.3923312418119
60                       3.150000000000001E-5     70                       300.38836691784365
60                       3.1750000000000006E-5    70                       300.3844025938754
60                       3.2000000000000005E-5    70                       300.3804382699069
60                       3.2250000000000005E-5    70                       300.37647394593876
60                       3.2500000000000004E-5    70                       300.3725096219704
60                       3.275E-5                 70                       300.3685452980021
60                       3.300000000000001E-5     70                       300.36458097403374
60                       3.325000000000001E-5     70                       300.3606166500655
60                       3.350000000000001E-5     70                       300.35665232609716
60                       3.375000000000001E-5     70                       300.3526880021289
60                       3.4000000000000007E-5    70                       300.34906947217644
60                       3.4250000000000006E-5    70                       300.345993232517
60                       3.4500000000000005E-5    70                       300.34291699285774
60                       3.4750000000000004E-5    70                       300.33984075319836
60                       3.5000000000000004E-5    70                       300.33676451353904
60                       3.525000000000001E-5     70                       300.3336882738797
60                       3.550000000000001E-5     70                       300.33061203422034
60                       3.575000000000001E-5     70                       300.327535794561
60                       3.600000000000001E-5     70                       300.3244595549016
60                       3.625000000000001E-5     70                       300.3213833152423
60                       3.6500000000000006E-5    70                       300.3183070755829
60                       3.6750000000000006E-5    70                       300.3152308359235
60                       3.7000000000000005E-5    70                       300.31215459626424
60                       3.7250000000000004E-5    70                       300.3090783566049
60                       3.750000000000001E-5     70                       300.30600211694554
60                       3.775000000000001E-5     70                       300.30292587728616
60                       3.800000000000001E-5     70                       300.29984963762683
60                       3.825000000000001E-5     70                       300.29677339796746
60                       3.850000000000001E-5     70                       300.2936971583081
60                       3.875000000000001E-5     70                       300.29062091864876
60                       3.9000000000000006E-5    70                       300.28754467898943
60                       3.9250000000000005E-5    70                       300.28446843932994
60                       3.9500000000000005E-5    70                       300.28139219967073
60                       3.975000000000001E-5     70                       300.2783159600114
60                       4.000000000000001E-5     70                       300.2754346776055
60                       4.025000000000001E-5     70                       300.27303216631003
60                       4.050000000000001E-5     70                       300.2706296550146
60                       4.075000000000001E-5     70                       300.2682271437193
60                       4.100000000000001E-5     70                       300.2658246324238
60                       4.1250000000000007E-5    70                       300.2634221211284
60                       4.1500000000000006E-5    70                       300.26101960983294
60                       4.1750000000000005E-5    70                       300.2586170985375
60                       4.2000000000000004E-5    70                       300.2562145872421
60                       4.225000000000001E-5     70                       300.2538120759467
60                       4.250000000000001E-5     70                       300.2514095646513
60                       4.275000000000001E-5     70                       300.24900705335585
60                       4.300000000000001E-5     70                       300.2466045420605
60                       4.325000000000001E-5     70                       300.244202030765
60                       4.350000000000001E-5     70                       300.2417995194696
60                       4.3750000000000006E-5    70                       300.2393970081742
60                       4.4000000000000006E-5    70                       300.2369944968787
60                       4.4250000000000005E-5    70                       300.2345919855834
60                       4.450000000000001E-5     70                       300.23218947428796
60                       4.475000000000001E-5     70                       300.22978696299253
60                       4.500000000000001E-5     70                       300.2273844516971
60                       4.525000000000001E-5     70                       300.2249819404017
60                       4.550000000000001E-5     70                       300.22257942910625
60                       4.575000000000001E-5     70                       300.2201769178108
60                       4.600000000000001E-5     70                       300.2178718990857
60                       4.6250000000000006E-5    70                       300.2159842117113
60                       4.6500000000000005E-5    70                       300.2140965243369
60                       4.675000000000001E-5     70                       300.2122088369626
60                       4.700000000000001E-5     70                       300.2103211495882
60                       4.725000000000001E-5     70                       300.20843346221386
60                       4.750000000000001E-5     70                       300.20654577483947
60                       4.775000000000001E-5     70                       300.2046580874652
60                       4.800000000000001E-5     70                       300.20277040009074
60                       4.825000000000001E-5     70                       300.20088271271635
60                       4.8500000000000007E-5    70                       300.198995025342
60                       4.8750000000000006E-5    70                       300.1971073379676
60                       4.900000000000001E-5     70                       300.1952196505933
60                       4.925000000000001E-5     70                       300.1933319632189
60                       4.950000000000001E-5     70                       300.1914442758446
60                       4.975000000000001E-5     70                       300.18955658847017
60                       5.000000000000001E-5     70                       300.18766890109583
60                       5.025000000000001E-5     70                       300.18578121372144
60                       5.050000000000001E-5     70                       300.1838935263471
60                       5.075000000000001E-5     70                       300.1820058389727
60                       5.1000000000000006E-5    70                       300.1801181515984
60                       5.125000000000001E-5     70                       300.17823046422404
60                       5.150000000000001E-5     70                       300.17634277684965
60                       5.175000000000001E-5     70                       300.1744550894753
60                       5.200000000000001E-5     70                       300.1725804888624
60                       5.225000000000001E-5     70                       300.17084582841926
60                       5.250000000000001E-5     70                       300.16912327514
60                       5.275000000000001E-5     70                       300.16741282902456
60                       5.300000000000001E-5     70                       300.16571449007273
60                       5.325000000000001E-5     70                       300.16402825828476
60                       5.350000000000001E-5     70                       300.16235413366064
60                       5.375000000000001E-5     70                       300.16069211620015
60                       5.400000000000001E-5     70                       300.15904220590363
60                       5.425000000000001E-5     70                       300.15740440277074
60                       5.450000000000001E-5     70                       300.1557787068017
60                       5.475000000000001E-5     70                       300.1541651179964
60                       5.500000000000001E-5     70                       300.1525636363549
60                       5.525000000000001E-5     70                       300.1509742618772
60                       5.550000000000001E-5     70                       300.1493969945633
60                       5.575000000000001E-5     70                       300.1478318344132
60                       5.600000000000001E-5     70                       300.1462787814268
60                       5.625000000000001E-5     70                       300.14473783560413
60                       5.650000000000001E-5     70                       300.1432089969454
60                       5.675000000000001E-5     70                       300.1416922654504
60                       5.700000000000001E-5     70                       300.1401876411191
60                       5.725000000000001E-5     70                       300.1386951239517
60                       5.750000000000001E-5     70                       300.13721471394797
60                       5.775000000000001E-5     70                       300.13574641110813
60                       5.800000000000001E-5     70                       300.1342902154321
60                       5.825000000000001E-5     70                       300.13285874292995
60                       5.850000000000001E-5     70                       300.13144052421944
60                       5.875000000000001E-5     70                       300.13003542916294
60                       5.900000000000001E-5     70                       300.1286434577605
60                       5.925000000000001E-5     70                       300.12726461001205
60                       5.950000000000001E-5     70                       300.12589888591754
60                       5.975000000000001E-5     70                       300.12454628547715
60                       6.000000000000001E-5     70                       300.12320680869084
60                       -2.5000000000000004E-7   90                       299.99999999999994
60                       0                        90                       300.11557093910574
60                       2.5000000000000004E-7    90                       302.10469361570944
60                       5.000000000000001E-7     90                       302.65830897704456
60                       7.500000000000001E-7     90                       302.98812784348644
60                       1.0000000000000002E-6    90                       303.2230299825398
60                       1.2500000000000003E-6    90                       303.406826359386
60                       1.5E-6                   90                       303.5543130891202
60                       1.7500000000000002E-6    90                       303.6737698088955
60                       2.0000000000000003E-6    90                       303.7932265286708
60                       2.2500000000000005E-6    90                       303.88850677930645
60                       2.5E-6                   90                       303.97694841883174
60                       2.7500000000000004E-6    90                       304.0642171677538
60                       3.0000000000000005E-6    90                       304.13379186734494
60                       3.2500000000000002E-6    90                       304.2033665669361
60                       3.5000000000000004E-6    90                       304.266230764932
60                       3.7500000000000005E-6    90                       304.3163449197844
60                       4.000000000000001E-6     90                       304.3664590746368
60                       4.250000000000001E-6     90                       304.41657322948913
60                       4.500000000000001E-6     90                       304.4666873843414
60                       4.750000000000001E-6     90                       304.51680153919375
60                       5.0E-6                   90                       304.5563470761565
60                       5.2500000000000006E-6    90                       304.59484921643605
60                       5.500000000000001E-6     90                       304.63335135671565
60                       5.750000000000001E-6     90                       304.67185349699525
60                       6.000000000000001E-6     90                       304.710355637275
60                       6.250000000000001E-6     90                       304.7434042077117
60                       6.500000000000001E-6     90                       304.7704363566331
60                       6.750000000000001E-6     90                       304.7974685055547
60                       7.000000000000001E-6     90                       304.8245006544762
60                       7.250000000000001E-6     90                       304.85153280339773
60                       7.500000000000002E-6     90                       304.8785649523192
60                       7.750000000000002E-6     90                       304.9055971012408
60                       8.000000000000001E-6     90                       304.93262925016234
60                       8.250000000000002E-6     90                       304.95966139908376
60                       8.500000000000002E-6     90                       304.98669354800535
60                       8.750000000000003E-6     90                       305.0137256969268
60                       9.000000000000002E-6     90                       305.0389688772578
60                       9.250000000000003E-6     90                       305.0630494312396
60                       9.500000000000002E-6     90                       305.0871299852214
60                       9.750000000000003E-6     90                       305.1111143666105
60                       1.0000000000000003E-5    90                       304.13252261224227
60                       1.0250000000000002E-5    90                       302.8778980133901
60                       1.0500000000000003E-5    90                       302.4222347518712
60                       1.0750000000000002E-5    90                       302.14169048769617
60                       1.1000000000000003E-5    90                       301.93909562507355
60                       1.1250000000000002E-5    90                       301.7856992381662
60                       1.1500000000000003E-5    90                       301.6670436684956
60                       1.1750000000000003E-5    90                       301.56810181115515
60                       1.2000000000000002E-5    90                       301.4691599538146
60                       1.2250000000000003E-5    90                       301.39795531718073
60                       1.2500000000000002E-5    90                       301.32741824740623
60                       1.2750000000000003E-5    90                       301.262795243455
60                       1.3000000000000003E-5    90                       301.2095211564105
60                       1.3250000000000004E-5    90                       301.1562470693661
60                       1.3500000000000003E-5    90                       301.1153778229651
60                       1.3750000000000002E-5    90                       301.0796080081892
60                       1.4000000000000003E-5    90                       301.0438381934133
60                       1.4250000000000002E-5    90                       301.0080683786372
60                       1.4500000000000003E-5    90                       300.97229856386133
60                       1.4750000000000003E-5    90                       300.9410060452447
60                       1.5000000000000004E-5    90                       300.91539223852874
60                       1.5250000000000005E-5    90                       300.8897784318128
60                       1.5500000000000004E-5    90                       300.8641646250968
60                       1.5750000000000003E-5    90                       300.83855081838084
60                       1.6000000000000003E-5    90                       300.81456654628613
60                       1.6250000000000002E-5    90                       300.79837044096274
60                       1.6500000000000005E-5    90                       300.7821743356393
60                       1.6750000000000004E-5    90                       300.7659782303158
60                       1.7000000000000003E-5    90                       300.7497821249924
60                       1.7250000000000003E-5    90                       300.7335860196689
60                       1.7500000000000005E-5    90                       300.7173899143456
60                       1.7750000000000005E-5    90                       300.70119380902213
60                       1.8000000000000004E-5    90                       300.6849977036987
60                       1.8250000000000003E-5    90                       300.66880159837524
60                       1.8500000000000002E-5    90                       300.6526054930518
60                       1.8750000000000005E-5    90                       300.6396380935573
60                       1.9000000000000004E-5    90                       300.62850755613897
60                       1.9250000000000004E-5    90                       300.6173770187206
60                       1.9500000000000003E-5    90                       300.60624648130226
60                       1.9750000000000006E-5    90                       300.59511594388397
60                       2.0000000000000005E-5    90                       300.5839854064657
60                       2.0250000000000004E-5    90                       300.57285486904726
60                       2.0500000000000004E-5    90                       300.5617243316289
60                       2.0750000000000003E-5    90                       300.5505937942105
60                       2.1000000000000006E-5    90                       300.5394632567922
60                       2.1250000000000005E-5    90                       300.5287721476654
60                       2.1500000000000004E-5    90                       300.5219608813233
60                       2.1750000000000004E-5    90                       300.5151496149812
60                       2.2000000000000003E-5    90                       300.5083383486392
60                       2.2250000000000006E-5    90                       300.5015270822971
60                       2.2500000000000005E-5    90                       300.49471581595503
60                       2.2750000000000004E-5    90                       300.48790454961306
60                       2.3000000000000003E-5    90                       300.4810932832709
60                       2.3250000000000006E-5    90                       300.47428201692884
60                       2.3500000000000005E-5    90                       300.4674707505868
60                       2.3750000000000005E-5    90                       300.4606594842447
60                       2.4000000000000004E-5    90                       300.4538482179027
60                       2.4250000000000003E-5    90                       300.44703695156056
60                       2.4500000000000006E-5    90                       300.44022568521854
60                       2.4750000000000005E-5    90                       300.43341441887634
60                       2.5000000000000005E-5    90                       300.42660315253437
60                       2.5250000000000004E-5    90                       300.41979188619223
60                       2.5500000000000007E-5    90                       300.41298061985015
60                       2.5750000000000006E-5    90                       300.4061693535081
60                       2.6000000000000005E-5    90                       300.399358087166
60                       2.6250000000000004E-5    90                       300.3925468208239
60                       2.6500000000000004E-5    90                       300.38580357920927
60                       2.6750000000000006E-5    90                       300.3812267016923
60                       2.7000000000000006E-5    90                       300.3766498241753
60                       2.7250000000000005E-5    90                       300.3720729466583
60                       2.7500000000000004E-5    90                       300.36749606914134
60                       2.7750000000000004E-5    90                       300.36291919162437
60                       2.8000000000000006E-5    90                       300.35834231410735
60                       2.8250000000000006E-5    90                       300.3537654365903
60                       2.8500000000000005E-5    90                       300.3491885590733
60                       2.8750000000000004E-5    90                       300.34461168155633
60                       2.9000000000000007E-5    90                       300.3400348040393
60                       2.9250000000000006E-5    90                       300.33545792652234
60                       2.9500000000000006E-5    90                       300.3308810490053
60                       2.9750000000000005E-5    90                       300.3263041714883
60                       3.0000000000000004E-5    90                       300.32172729397126
60                       3.0250000000000007E-5    90                       300.31715041645435
60                       3.0500000000000003E-5    90                       300.3125735389373
60                       3.075000000000001E-5     90                       300.30799666142025
60                       3.100000000000001E-5     90                       300.30341978390334
60                       3.125000000000001E-5     90                       300.29884290638626
60                       3.150000000000001E-5     90                       300.2942660288693
60                       3.1750000000000006E-5    90                       300.2896891513523
60                       3.2000000000000005E-5    90                       300.2864655832266
60                       3.2250000000000005E-5    90                       300.2832996490144
60                       3.2500000000000004E-5    90                       300.28013371480233
60                       3.275E-5                 90                       300.2769677805902
60                       3.300000000000001E-5     90                       300.273801846378
60                       3.325000000000001E-5     90                       300.2706359121659
60                       3.350000000000001E-5     90                       300.26746997795385
60                       3.375000000000001E-5     90                       300.26430404374173
60                       3.4000000000000007E-5    90                       300.2611381095295
60                       3.4250000000000006E-5    90                       300.25797217531743
60                       3.4500000000000005E-5    90                       300.25480624110526
60                       3.4750000000000004E-5    90                       300.2516403068931
60                       3.5000000000000004E-5    90                       300.24847437268096
60                       3.525000000000001E-5     90                       300.24530843846884
60                       3.550000000000001E-5     90                       300.2421425042567
60                       3.575000000000001E-5     90                       300.2389765700446
60                       3.600000000000001E-5     90                       300.23581063583254
60                       3.625000000000001E-5     90                       300.2326447016203
60                       3.6500000000000006E-5    90                       300.2294787674082
60                       3.6750000000000006E-5    90                       300.22631283319606
60                       3.7000000000000005E-5    90                       300.2231468989839
60                       3.7250000000000004E-5    90                       300.2199809647718
60                       3.750000000000001E-5     90                       300.2168150305597
60                       3.775000000000001E-5     90                       300.2136490963475
60                       3.800000000000001E-5     90                       300.2112475650303
60                       3.825000000000001E-5     90                       300.20897134847786
60                       3.850000000000001E-5     90                       300.20669513192536
60                       3.875000000000001E-5     90                       300.20441891537286
60                       3.9000000000000006E-5    90                       300.20214269882035
60                       3.9250000000000005E-5    90                       300.19986648226785
60                       3.9500000000000005E-5    90                       300.1975902657154
60                       3.975000000000001E-5     90                       300.1953140491629
60                       4.000000000000001E-5     90                       300.19303783261046
60                       4.025000000000001E-5     90                       300.19076161605796
60                       4.050000000000001E-5     90                       300.18848539950534
60                       4.075000000000001E-5     90                       300.18620918295295
60                       4.100000000000001E-5     90                       300.18393296640045
60                       4.1250000000000007E-5    90                       300.181656749848
60                       4.1500000000000006E-5    90                       300.17938053329544
60                       4.1750000000000005E-5    90                       300.17710431674294
60                       4.2000000000000004E-5    90                       300.1748281001905
60                       4.225000000000001E-5     90                       300.172551883638
60                       4.250000000000001E-5     90                       300.17027566708555
60                       4.275000000000001E-5     90                       300.167999450533
60                       4.300000000000001E-5     90                       300.1657232339806
60                       4.325000000000001E-5     90                       300.16344701742804
60                       4.350000000000001E-5     90                       300.16117080087554
60                       4.3750000000000006E-5    90                       300.15889458432304
60                       4.4000000000000006E-5    90                       300.1570781824974
60                       4.4250000000000005E-5    90                       300.15540766098184
60                       4.450000000000001E-5     90                       300.1537371394663
60                       4.475000000000001E-5     90                       300.1520666179508
60                       4.500000000000001E-5     90                       300.15039609643526
60                       4.525000000000001E-5     90                       300.1487255749197
60                       4.550000000000001E-5     90                       300.1470550534042
60                       4.575000000000001E-5     90                       300.1453845318887
60                       4.600000000000001E-5     90                       300.143714010373
60                       4.6250000000000006E-5    90                       300.1420434888576
60                       4.6500000000000005E-5    90                       300.140372967342
60                       4.675000000000001E-5     90                       300.1387024458265
60                       4.700000000000001E-5     90                       300.13703192431103
60                       4.725000000000001E-5     90                       300.13536140279535
60                       4.750000000000001E-5     90                       300.1336908812798
60                       4.775000000000001E-5     90                       300.13202035976434
60                       4.800000000000001E-5     90                       300.1303498382487
60                       4.825000000000001E-5     90                       300.1286793167332
60                       4.8500000000000007E-5    90                       300.12700879521776
60                       4.8750000000000006E-5    90                       300.12533827370214
60                       4.900000000000001E-5     90                       300.12366775218663
60                       4.925000000000001E-5     90                       300.12199723067107
60                       4.950000000000001E-5     90                       300.1203267091556
60                       4.975000000000001E-5     90                       300.11865618764
60                       5.000000000000001E-5     90                       300.11709488743617
60                       5.025000000000001E-5     90                       300.11560116941524
60                       5.050000000000001E-5     90                       300.11412083631797
60                       5.075000000000001E-5     90                       300.1126538881445
60                       5.1000000000000006E-5    90                       300.11120032489464
60                       5.125000000000001E-5     90                       300.10976014656853
60                       5.150000000000001E-5     90                       300.1083333531662
60                       5.175000000000001E-5     90                       300.1069199446875
60                       5.200000000000001E-5     90                       300.10551992113255
60                       5.225000000000001E-5     90                       300.1041332825012
60                       5.250000000000001E-5     90                       300.1027600287936
60                       5.275000000000001E-5     90                       300.1014001600098
60                       5.300000000000001E-5     90                       300.10005367614974
60                       5.325000000000001E-5     90                       300.0987205772132
60                       5.350000000000001E-5     90                       300.0974008632005
60                       5.375000000000001E-5     90                       300.09609453411156
60                       5.400000000000001E-5     90                       300.0948015899462
60                       5.425000000000001E-5     90                       300.0935220307046
60                       5.450000000000001E-5     90                       300.0922558563867
60                       5.475000000000001E-5     90                       300.0910030669926
60                       5.500000000000001E-5     90                       300.08976366252205
60                       5.525000000000001E-5     90                       300.08853764297527
60                       5.550000000000001E-5     90                       300.08732500835225
60                       5.575000000000001E-5     90                       300.0861257586529
60                       5.600000000000001E-5     90                       300.08494270461387
60                       5.625000000000001E-5     90                       300.08377556937853
60                       5.650000000000001E-5     90                       300.082622226768
60                       5.675000000000001E-5     90                       300.08148267678246
60                       5.700000000000001E-5     90                       300.0803569194217
60                       5.725000000000001E-5     90                       300.079244954686
60                       5.750000000000001E-5     90                       300.0781467825749
60                       5.775000000000001E-5     90                       300.0770624030889
60                       5.800000000000001E-5     90                       300.07599181622766
60                       5.825000000000001E-5     90                       300.07493502199134
60                       5.850000000000001E-5     90                       300.0738920203798
60                       5.875000000000001E-5     90                       300.07286281139324
60                       5.900000000000001E-5     90                       300.07184739503145
60                       5.925000000000001E-5     90                       300.07084577129467
60                       5.950000000000001E-5     90                       300.06985794018266
60                       5.975000000000001E-5     90                       300.0688839016955
60                       6.000000000000001E-5     90                       300.0679236558333
60                       -2.5000000000000004E-7   110                      299.99999999999994
60                       0                        110                      300.1038157714922
60                       2.5000000000000004E-7    110                      301.9094966525595
60                       5.000000000000001E-7     110                      302.3839823331384
60                       7.500000000000001E-7     110                      302.6694989312604
60                       1.0000000000000002E-6    110                      302.8550314294956
60                       1.2500000000000003E-6    110                      303.00970303337783
60                       1.5E-6                   110                      303.13778078444284
60                       1.7500000000000002E-6    110                      303.23111882735185
60                       2.0000000000000003E-6    110                      303.32445687026103
60                       2.2500000000000005E-6    110                      303.40912116897766
60                       2.5E-6                   110                      303.4780535906179
60                       2.7500000000000004E-6    110                      303.5469860122581
60                       3.0000000000000005E-6    110                      303.60484182746256
60                       3.2500000000000002E-6    110                      303.65149725725627
60                       3.5000000000000004E-6    110                      303.6981526870498
60                       3.7500000000000005E-6    110                      303.7448081168435
60                       4.000000000000001E-6     110                      303.79146354663715
60                       4.250000000000001E-6     110                      303.83811897643074
60                       4.500000000000001E-6     110                      303.8752044876213
60                       4.750000000000001E-6     110                      303.9096044068069
60                       5.0E-6                   110                      303.9440043259926
60                       5.2500000000000006E-6    110                      303.9784042451783
60                       5.500000000000001E-6     110                      304.012804164364
60                       5.750000000000001E-6     110                      304.0467261074282
60                       6.000000000000001E-6     110                      304.073716845754
60                       6.250000000000001E-6     110                      304.1007075840799
60                       6.500000000000001E-6     110                      304.12769832240576
60                       6.750000000000001E-6     110                      304.15468906073164
60                       7.000000000000001E-6     110                      304.18167979905746
60                       7.250000000000001E-6     110                      304.2075501810675
60                       7.500000000000002E-6     110                      304.2313229480355
60                       7.750000000000002E-6     110                      304.25509571500334
60                       8.000000000000001E-6     110                      304.2783038838979
60                       8.250000000000002E-6     110                      304.29783926360886
60                       8.500000000000002E-6     110                      304.3173746433198
60                       8.750000000000003E-6     110                      304.33691002303084
60                       9.000000000000002E-6     110                      304.35644540274177
60                       9.250000000000003E-6     110                      304.3759807824528
60                       9.500000000000002E-6     110                      304.39551616216374
60                       9.750000000000003E-6     110                      304.4146624333522
60                       1.0000000000000003E-5    110                      304.25792443167836
60                       1.0250000000000002E-5    110                      302.5482757789288
60                       1.0500000000000003E-5    110                      302.07578775494915
60                       1.0750000000000002E-5    110                      301.8180309273565
60                       1.1000000000000003E-5    110                      301.6381984226762
60                       1.1250000000000002E-5    110                      301.50997610176995
60                       1.1500000000000003E-5    110                      301.3961624155793
60                       1.1750000000000003E-5    110                      301.3046235208555
60                       1.2000000000000002E-5    110                      301.2315094995717
60                       1.2250000000000003E-5    110                      301.17300500926393
60                       1.2500000000000002E-5    110                      301.1145005189562
60                       1.2750000000000003E-5    110                      301.0559960286486
60                       1.3000000000000003E-5    110                      301.0133149734816
60                       1.3250000000000004E-5    110                      300.9726361392211
60                       1.3500000000000003E-5    110                      300.9319573049606
60                       1.3750000000000002E-5    110                      300.8946621149576
60                       1.4000000000000003E-5    110                      300.8695326064129
60                       1.4250000000000002E-5    110                      300.8444030978681
60                       1.4500000000000003E-5    110                      300.81927358932336
60                       1.4750000000000003E-5    110                      300.7941440807787
60                       1.5000000000000004E-5    110                      300.769014572234
60                       1.5250000000000005E-5    110                      300.7438850636893
60                       1.5500000000000004E-5    110                      300.7187555551445
60                       1.5750000000000003E-5    110                      300.7007357079831
60                       1.6000000000000003E-5    110                      300.6837086891827
60                       1.6250000000000002E-5    110                      300.66668167038245
60                       1.6500000000000005E-5    110                      300.6496546515822
60                       1.6750000000000004E-5    110                      300.6326276327818
60                       1.7000000000000003E-5    110                      300.6156006139815
60                       1.7250000000000003E-5    110                      300.5985735951811
60                       1.7500000000000005E-5    110                      300.58515845627943
60                       1.7750000000000005E-5    110                      300.5748533977627
60                       1.8000000000000004E-5    110                      300.56454833924585
60                       1.8250000000000003E-5    110                      300.5542432807289
60                       1.8500000000000002E-5    110                      300.5439382222121
60                       1.8750000000000005E-5    110                      300.5336331636952
60                       1.9000000000000004E-5    110                      300.5233281051784
60                       1.9250000000000004E-5    110                      300.51302304666154
60                       1.9500000000000003E-5    110                      300.5027179881447
60                       1.9750000000000006E-5    110                      300.49241292962785
60                       2.0000000000000005E-5    110                      300.48210787111105
60                       2.0250000000000004E-5    110                      300.4718028125942
60                       2.0500000000000004E-5    110                      300.4614977540773
60                       2.0750000000000003E-5    110                      300.45119269556045
60                       2.1000000000000006E-5    110                      300.44088763704355
60                       2.1250000000000005E-5    110                      300.43349149667586
60                       2.1500000000000004E-5    110                      300.4265805689092
60                       2.1750000000000004E-5    110                      300.41966964114255
60                       2.2000000000000003E-5    110                      300.4127587133759
60                       2.2250000000000006E-5    110                      300.4058477856093
60                       2.2500000000000005E-5    110                      300.39893685784267
60                       2.2750000000000004E-5    110                      300.39202593007604
60                       2.3000000000000003E-5    110                      300.38511500230936
60                       2.3250000000000006E-5    110                      300.3782040745426
60                       2.3500000000000005E-5    110                      300.37129314677617
60                       2.3750000000000005E-5    110                      300.3643822190095
60                       2.4000000000000004E-5    110                      300.3574712912428
60                       2.4250000000000003E-5    110                      300.35056036347623
60                       2.4500000000000006E-5    110                      300.3436494357096
60                       2.4750000000000005E-5    110                      300.3371921650355
60                       2.5000000000000005E-5    110                      300.33284772440095
60                       2.5250000000000004E-5    110                      300.32850328376657
60                       2.5500000000000007E-5    110                      300.3241588431321
60                       2.5750000000000006E-5    110                      300.3198144024976
60                       2.6000000000000005E-5    110                      300.31546996186313
60                       2.6250000000000004E-5    110                      300.3111255212287
60                       2.6500000000000004E-5    110                      300.30678108059413
60                       2.6750000000000006E-5    110                      300.30243663995964
60                       2.7000000000000006E-5    110                      300.29809219932525
60                       2.7250000000000005E-5    110                      300.2937477586908
60                       2.7500000000000004E-5    110                      300.2894033180564
60                       2.7750000000000004E-5    110                      300.2850588774218
60                       2.8000000000000006E-5    110                      300.2807144367873
60                       2.8250000000000006E-5    110                      300.2763699961529
60                       2.8500000000000005E-5    110                      300.2720255555184
60                       2.8750000000000004E-5    110                      300.26768111488394
60                       2.9000000000000007E-5    110                      300.26333667424944
60                       2.9250000000000006E-5    110                      300.2589922336149
60                       2.9500000000000006E-5    110                      300.2546477929805
60                       2.9750000000000005E-5    110                      300.250303352346
60                       3.0000000000000004E-5    110                      300.2459589117115
60                       3.0250000000000007E-5    110                      300.241614471077
60                       3.0500000000000003E-5    110                      300.2372700304426
60                       3.075000000000001E-5     110                      300.2330365483947
60                       3.100000000000001E-5     110                      300.23013759848413
60                       3.125000000000001E-5     110                      300.2272386485735
60                       3.150000000000001E-5     110                      300.2243396986628
60                       3.1750000000000006E-5    110                      300.22144074875223
60                       3.2000000000000005E-5    110                      300.21854179884156
60                       3.2250000000000005E-5    110                      300.2156428489309
60                       3.2500000000000004E-5    110                      300.21274389902027
60                       3.275E-5                 110                      300.20984494910965
60                       3.300000000000001E-5     110                      300.20694599919904
60                       3.325000000000001E-5     110                      300.20404704928836
60                       3.350000000000001E-5     110                      300.20114809937775
60                       3.375000000000001E-5     110                      300.19824914946713
60                       3.4000000000000007E-5    110                      300.19535019955646
60                       3.4250000000000006E-5    110                      300.19245124964584
60                       3.4500000000000005E-5    110                      300.1895522997352
60                       3.4750000000000004E-5    110                      300.18665334982455
60                       3.5000000000000004E-5    110                      300.1837543999139
60                       3.525000000000001E-5     110                      300.18085545000326
60                       3.550000000000001E-5     110                      300.1779565000926
60                       3.575000000000001E-5     110                      300.17505755018203
60                       3.600000000000001E-5     110                      300.1721586002713
60                       3.625000000000001E-5     110                      300.16925965036074
60                       3.6500000000000006E-5    110                      300.16636070045007
60                       3.6750000000000006E-5    110                      300.16346175053945
60                       3.7000000000000005E-5    110                      300.1614414071726
60                       3.7250000000000004E-5    110                      300.1594419667137
60                       3.750000000000001E-5     110                      300.1574425262547
60                       3.775000000000001E-5     110                      300.1554430857957
60                       3.800000000000001E-5     110                      300.15344364533667
60                       3.825000000000001E-5     110                      300.15144420487775
60                       3.850000000000001E-5     110                      300.14944476441883
60                       3.875000000000001E-5     110                      300.1474453239598
60                       3.9000000000000006E-5    110                      300.1454458835008
60                       3.9250000000000005E-5    110                      300.1434464430419
60                       3.9500000000000005E-5    110                      300.1414470025829
60                       3.975000000000001E-5     110                      300.13944756212396
60                       4.000000000000001E-5     110                      300.13744812166505
60                       4.025000000000001E-5     110                      300.13544868120596
60                       4.050000000000001E-5     110                      300.13344924074704
60                       4.075000000000001E-5     110                      300.13144980028807
60                       4.100000000000001E-5     110                      300.1294503598291
60                       4.1250000000000007E-5    110                      300.1274509193701
60                       4.1500000000000006E-5    110                      300.1254514789112
60                       4.1750000000000005E-5    110                      300.1234520384522
60                       4.2000000000000004E-5    110                      300.12145259799325
60                       4.225000000000001E-5     110                      300.1194531575343
60                       4.250000000000001E-5     110                      300.1174537170753
60                       4.275000000000001E-5     110                      300.11545427661633
60                       4.300000000000001E-5     110                      300.11398035730355
60                       4.325000000000001E-5     110                      300.1125803055245
60                       4.350000000000001E-5     110                      300.1111802537453
60                       4.3750000000000006E-5    110                      300.1097802019661
60                       4.4000000000000006E-5    110                      300.10838015018703
60                       4.4250000000000005E-5    110                      300.1069800984078
60                       4.450000000000001E-5     110                      300.10558004662863
60                       4.475000000000001E-5     110                      300.10417999484946
60                       4.500000000000001E-5     110                      300.1027799430704
60                       4.525000000000001E-5     110                      300.10137989129123
60                       4.550000000000001E-5     110                      300.099979839512
60                       4.575000000000001E-5     110                      300.0985797877329
60                       4.600000000000001E-5     110                      300.0971797359537
60                       4.6250000000000006E-5    110                      300.09577968417454
60                       4.6500000000000005E-5    110                      300.0943796323954
60                       4.675000000000001E-5     110                      300.0929795806162
60                       4.700000000000001E-5     110                      300.09157952883714
60                       4.725000000000001E-5     110                      300.0901794770579
60                       4.750000000000001E-5     110                      300.0887794252788
60                       4.775000000000001E-5     110                      300.0873793734997
60                       4.800000000000001E-5     110                      300.08597932172046
60                       4.825000000000001E-5     110                      300.0845792699413
60                       4.8500000000000007E-5    110                      300.0831792181622
60                       4.8750000000000006E-5    110                      300.081779166383
60                       4.900000000000001E-5     110                      300.0805041825956
60                       4.925000000000001E-5     110                      300.0792766427155
60                       4.950000000000001E-5     110                      300.07806204760794
60                       4.975000000000001E-5     110                      300.07686039727264
60                       5.000000000000001E-5     110                      300.0756716917097
60                       5.025000000000001E-5     110                      300.0744959309192
60                       5.050000000000001E-5     110                      300.0733331149012
60                       5.075000000000001E-5     110                      300.0721832436553
60                       5.1000000000000006E-5    110                      300.071046317182
60                       5.125000000000001E-5     110                      300.069922335481
60                       5.150000000000001E-5     110                      300.0688112985524
60                       5.175000000000001E-5     110                      300.0677132063962
60                       5.200000000000001E-5     110                      300.06662805901226
60                       5.225000000000001E-5     110                      300.06555585640086
60                       5.250000000000001E-5     110                      300.0644965985618
60                       5.275000000000001E-5     110                      300.0634502854951
60                       5.300000000000001E-5     110                      300.0624169172008
60                       5.325000000000001E-5     110                      300.06139649367884
60                       5.350000000000001E-5     110                      300.0603890149293
60                       5.375000000000001E-5     110                      300.0593944809521
60                       5.400000000000001E-5     110                      300.05841289174725
60                       5.425000000000001E-5     110                      300.05744424731483
60                       5.450000000000001E-5     110                      300.05648854765485
60                       5.475000000000001E-5     110                      300.0555457927672
60                       5.500000000000001E-5     110                      300.05461619070087
60                       5.525000000000001E-5     110                      300.0536996535808
60                       5.550000000000001E-5     110                      300.0527960860482
60                       5.575000000000001E-5     110                      300.051905488103
60                       5.600000000000001E-5     110                      300.05102785974526
60                       5.625000000000001E-5     110                      300.050163200975
60                       5.650000000000001E-5     110                      300.04931151179204
60                       5.675000000000001E-5     110                      300.0484727921966
60                       5.700000000000001E-5     110                      300.0476470421886
60                       5.725000000000001E-5     110                      300.046834261768
60                       5.750000000000001E-5     110                      300.04603445093494
60                       5.775000000000001E-5     110                      300.04524760968917
60                       5.800000000000001E-5     110                      300.044473738031
60                       5.825000000000001E-5     110                      300.0437128359601
60                       5.850000000000001E-5     110                      300.0429649034768
60                       5.875000000000001E-5     110                      300.0422299405808
60                       5.900000000000001E-5     110                      300.0415079472723
60                       5.925000000000001E-5     110                      300.0407989235511
60                       5.950000000000001E-5     110                      300.0401028694175
60                       5.975000000000001E-5     110                      300.03941978487126
60                       6.000000000000001E-5     110                      300.03874966991253
