-4.97750E-6	1.27579E-1	-3.74640E-2	1.01000E-5	7.87167E-1	1.20579E+1	6.21674E-8	2.13570E-6
-4.92750E-6	1.27584E-1	-4.97877E-3	1.01500E-5	7.72258E-1	2.34248E-6	2.20089E-6	2.13349E-6
-4.87750E-6	1.27584E-1	-1.88494E-3	1.02000E-5	7.57664E-1	8.12078E-2	2.20172E-6	2.08519E-6
-4.82750E-6	1.27586E-1	9.45910E-3	1.02500E-5	7.43378E-1	8.45223E-6	2.57287E-7	2.16937E-6
-4.77750E-6	1.27587E-1	1.77093E-2	1.03000E-5	7.29394E-1	0.00000E+0	2.00000E+1	2.11566E-6
-4.72750E-6	1.27580E-1	-2.81825E-2	1.03500E-5	7.15705E-1	0.00000E+0	0.00000E+0	2.19817E-6
-4.67750E-6	1.27585E-1	1.72452E-3	1.04000E-5	7.02305E-1	0.00000E+0	0.00000E+0	2.22984E-6
-4.62750E-6	1.27581E-1	-1.83854E-2	1.04500E-5	6.89188E-1	0.00000E+0	0.00000E+0	2.24315E-6
-4.57750E-6	1.27583E-1	-1.11664E-2	1.05000E-5	6.76349E-1	0.00000E+0	0.00000E+0	2.19245E-6
-4.52750E-6	1.27587E-1	1.66780E-2	1.05500E-5	6.63780E-1	0.00000E+0	0.00000E+0	2.18864E-6
-4.47750E-6	1.27590E-1	3.78192E-2	1.06000E-5	6.51477E-1	0.00000E+0	0.00000E+0	2.18519E-6
-4.42750E-6	1.27583E-1	-8.58824E-3	1.06500E-5	6.39434E-1	0.00000E+0	0.00000E+0	2.18633E-6
-4.37750E-6	1.27578E-1	-4.46829E-2	1.07000E-5	6.27645E-1	0.00000E+0	0.00000E+0	2.18204E-6
-4.32750E-6	1.27582E-1	-1.58072E-2	1.07500E-5	6.16105E-1	0.00000E+0	0.00000E+0	2.18822E-6
-4.27750E-6	1.27589E-1	3.21472E-2	1.08000E-5	6.04808E-1	0.00000E+0	0.00000E+0	2.19500E-6
-4.22750E-6	1.27585E-1	5.33399E-3	1.08500E-5	5.93750E-1	0.00000E+0	0.00000E+0	2.22899E-6
-4.17750E-6	1.27588E-1	2.49282E-2	1.09000E-5	5.82926E-1	0.00000E+0	0.00000E+0	2.23252E-6
-4.12750E-6	1.27587E-1	2.08031E-2	1.09500E-5	5.72331E-1	0.00000E+0	0.00000E+0	2.27743E-6
-4.07750E-6	1.27585E-1	7.39654E-3	1.10000E-5	5.61959E-1	0.00000E+0	0.00000E+0	2.30783E-6
-4.02750E-6	1.27587E-1	1.51311E-2	1.10500E-5	5.51806E-1	0.00000E+0	0.00000E+0	2.34248E-6
-3.97750E-6	1.27590E-1	3.93661E-2	1.11000E-5	5.41867E-1	0.00000E+0	0.00000E+0	0.00000E+0
-3.92750E-6	1.27581E-1	-2.09636E-2	1.11500E-5	5.32139E-1	0.00000E+0	0.00000E+0	0.00000E+0
-3.87750E-6	1.27586E-1	1.35842E-2	1.12000E-5	5.22616E-1	0.00000E+0	0.00000E+0	0.00000E+0
-3.82750E-6	1.27580E-1	-3.12763E-2	1.12500E-5	5.13294E-1	0.00000E+0	0.00000E+0	0.00000E+0
-3.77750E-6	1.27583E-1	-7.55696E-3	1.13000E-5	5.04169E-1	0.00000E+0	0.00000E+0	0.00000E+0
-3.72750E-6	1.27580E-1	-2.86981E-2	1.13500E-5	4.95236E-1	0.00000E+0	0.00000E+0	0.00000E+0
-3.67750E-6	1.27592E-1	5.38040E-2	1.14000E-5	4.86493E-1	0.00000E+0	0.00000E+0	0.00000E+0
-3.62750E-6	1.27581E-1	-1.89010E-2	1.14500E-5	4.77934E-1	0.00000E+0	0.00000E+0	0.00000E+0
-3.57750E-6	1.27592E-1	4.96789E-2	1.15000E-5	4.69555E-1	0.00000E+0	0.00000E+0	0.00000E+0
-3.52750E-6	1.27579E-1	-3.43701E-2	1.15500E-5	4.61354E-1	0.00000E+0	0.00000E+0	0.00000E+0
-3.47750E-6	1.27579E-1	-3.79796E-2	1.16000E-5	4.53326E-1	0.00000E+0	0.00000E+0	0.00000E+0
-3.42750E-6	1.27581E-1	-2.25105E-2	1.16500E-5	4.45467E-1	0.00000E+0	0.00000E+0	0.00000E+0
-3.37750E-6	1.27582E-1	-1.68385E-2	1.17000E-5	4.37774E-1	0.00000E+0	0.00000E+0	0.00000E+0
-3.32750E-6	1.27584E-1	-1.36931E-3	1.17500E-5	4.30244E-1	0.00000E+0	0.00000E+0	0.00000E+0
-3.27750E-6	1.27583E-1	-6.52569E-3	1.18000E-5	4.22873E-1	0.00000E+0	0.00000E+0	0.00000E+0
-3.22750E-6	1.27583E-1	-7.55696E-3	1.18500E-5	4.15657E-1	0.00000E+0	0.00000E+0	0.00000E+0
-3.17750E-6	1.27584E-1	-4.97877E-3	1.19000E-5	4.08594E-1	0.00000E+0	0.00000E+0	0.00000E+0
-3.12750E-6	1.27586E-1	1.25529E-2	1.19500E-5	4.01680E-1	0.00000E+0	0.00000E+0	0.00000E+0
-3.07750E-6	1.27580E-1	-2.76669E-2	1.20000E-5	3.94912E-1	0.00000E+0	0.00000E+0	0.00000E+0
-3.02750E-6	1.27579E-1	-3.23076E-2	1.20500E-5	3.88287E-1	0.00000E+0	0.00000E+0	0.00000E+0
-2.97750E-6	1.27589E-1	3.26628E-2	1.21000E-5	3.81802E-1	0.00000E+0	0.00000E+0	0.00000E+0
-2.92750E-6	1.27582E-1	-1.68385E-2	1.21500E-5	3.75454E-1	0.00000E+0	0.00000E+0	0.00000E+0
-2.87750E-6	1.27585E-1	1.72452E-3	1.22000E-5	3.69240E-1	0.00000E+0	0.00000E+0	0.00000E+0
-2.82750E-6	1.27586E-1	1.25529E-2	1.22500E-5	3.63157E-1	0.00000E+0	0.00000E+0	0.00000E+0
-2.77750E-6	1.27587E-1	1.92562E-2	1.23000E-5	3.57203E-1	0.00000E+0	0.00000E+0	0.00000E+0
-2.72750E-6	1.27589E-1	3.11159E-2	1.23500E-5	3.51374E-1	0.00000E+0	0.00000E+0	0.00000E+0
-2.67750E-6	1.27578E-1	-3.84953E-2	1.24000E-5	3.45668E-1	0.00000E+0	0.00000E+0	0.00000E+0
-2.62750E-6	1.27580E-1	-2.50887E-2	1.24500E-5	3.40083E-1	0.00000E+0	0.00000E+0	0.00000E+0
-2.57750E-6	1.27588E-1	2.23500E-2	1.25000E-5	3.34616E-1	0.00000E+0	0.00000E+0	0.00000E+0
-2.52750E-6	1.27586E-1	1.40998E-2	1.25500E-5	3.29265E-1	0.00000E+0	0.00000E+0	0.00000E+0
-2.47750E-6	1.27580E-1	-2.76669E-2	1.26000E-5	3.24026E-1	0.00000E+0	0.00000E+0	0.00000E+0
-2.42750E-6	1.27583E-1	-5.49441E-3	1.26500E-5	3.18898E-1	0.00000E+0	0.00000E+0	0.00000E+0
-2.37750E-6	1.27582E-1	-1.52915E-2	1.27000E-5	3.13878E-1	0.00000E+0	0.00000E+0	0.00000E+0
-2.32750E-6	1.27579E-1	-3.74640E-2	1.27500E-5	3.08964E-1	0.00000E+0	0.00000E+0	0.00000E+0
-2.27750E-6	1.27577E-1	-4.67455E-2	1.28000E-5	3.04155E-1	0.00000E+0	0.00000E+0	0.00000E+0
-2.22750E-6	1.27592E-1	4.81320E-2	1.28500E-5	2.99446E-1	0.00000E+0	0.00000E+0	0.00000E+0
-2.17750E-6	1.27582E-1	-1.68385E-2	1.29000E-5	2.94837E-1	0.00000E+0	0.00000E+0	0.00000E+0
-2.12750E-6	1.27580E-1	-2.56043E-2	1.29500E-5	2.90326E-1	0.00000E+0	0.00000E+0	0.00000E+0
-2.07750E-6	1.27584E-1	1.77609E-4	1.30000E-5	2.85909E-1	0.00000E+0	0.00000E+0	0.00000E+0
-2.02750E-6	1.27587E-1	1.82249E-2	1.30500E-5	2.81586E-1	0.00000E+0	0.00000E+0	0.00000E+0
-1.97750E-6	1.27588E-1	2.54439E-2	1.31000E-5	2.77355E-1	0.00000E+0	0.00000E+0	0.00000E+0
-1.92750E-6	1.27583E-1	-6.52569E-3	1.31500E-5	2.73212E-1	0.00000E+0	0.00000E+0	0.00000E+0
-1.87750E-6	1.27588E-1	2.28657E-2	1.32000E-5	2.69157E-1	0.00000E+0	0.00000E+0	0.00000E+0
-1.82750E-6	1.27583E-1	-9.61952E-3	1.32500E-5	2.65188E-1	0.00000E+0	0.00000E+0	0.00000E+0
-1.77750E-6	1.27586E-1	9.45910E-3	1.33000E-5	2.61303E-1	0.00000E+0	0.00000E+0	0.00000E+0
-1.72750E-6	1.27576E-1	-5.55113E-2	1.33500E-5	2.57499E-1	0.00000E+0	0.00000E+0	0.00000E+0
-1.67750E-6	1.27586E-1	1.20373E-2	1.34000E-5	2.53776E-1	0.00000E+0	0.00000E+0	0.00000E+0
-1.62750E-6	1.27582E-1	-1.73541E-2	1.34500E-5	2.50132E-1	0.00000E+0	0.00000E+0	0.00000E+0
-1.57750E-6	1.27584E-1	-8.53668E-4	1.35000E-5	2.46564E-1	0.00000E+0	0.00000E+0	0.00000E+0
-1.52750E-6	1.27583E-1	-1.11664E-2	1.35500E-5	2.43072E-1	0.00000E+0	0.00000E+0	0.00000E+0
-1.47750E-6	1.27590E-1	3.88505E-2	1.36000E-5	2.39654E-1	0.00000E+0	0.00000E+0	0.00000E+0
-1.42750E-6	1.27591E-1	4.45225E-2	1.36500E-5	2.36308E-1	0.00000E+0	0.00000E+0	0.00000E+0
-1.37750E-6	1.27587E-1	2.13188E-2	1.37000E-5	2.33032E-1	0.00000E+0	0.00000E+0	0.00000E+0
-1.32750E-6	1.27581E-1	-2.40574E-2	1.37500E-5	2.29826E-1	0.00000E+0	0.00000E+0	0.00000E+0
-1.27750E-6	1.27586E-1	1.25529E-2	1.38000E-5	2.26687E-1	0.00000E+0	0.00000E+0	0.00000E+0
-1.22750E-6	1.27589E-1	2.80221E-2	1.38500E-5	2.23615E-1	0.00000E+0	0.00000E+0	0.00000E+0
-1.17750E-6	1.27584E-1	-3.38029E-4	1.39000E-5	2.20607E-1	0.00000E+0	0.00000E+0	0.00000E+0
-1.12750E-6	1.27584E-1	-1.88494E-3	1.39500E-5	2.17664E-1	0.00000E+0	0.00000E+0	0.00000E+0
-1.07750E-6	1.27585E-1	7.91218E-3	1.40000E-5	2.14782E-1	0.00000E+0	0.00000E+0	0.00000E+0
-1.02750E-6	1.27578E-1	-3.95265E-2	1.40500E-5	2.11961E-1	0.00000E+0	0.00000E+0	0.00000E+0
-9.77500E-7	1.27586E-1	9.97473E-3	1.41000E-5	2.09200E-1	0.00000E+0	0.00000E+0	0.00000E+0
-9.27500E-7	1.27585E-1	5.84963E-3	1.41500E-5	2.06497E-1	0.00000E+0	0.00000E+0	0.00000E+0
-8.77500E-7	1.27585E-1	4.81835E-3	1.42000E-5	2.03851E-1	0.00000E+0	0.00000E+0	0.00000E+0
-8.27500E-7	1.27589E-1	3.11159E-2	1.42500E-5	2.01261E-1	0.00000E+0	0.00000E+0	0.00000E+0
-7.77500E-7	1.27585E-1	6.88090E-3	1.43000E-5	1.98725E-1	0.00000E+0	0.00000E+0	0.00000E+0
-7.27500E-7	1.27591E-1	4.14287E-2	1.43500E-5	1.96243E-1	0.00000E+0	0.00000E+0	0.00000E+0
-6.77500E-7	1.27581E-1	-2.19948E-2	1.44000E-5	1.93814E-1	0.00000E+0	0.00000E+0	0.00000E+0
-6.27500E-7	1.27583E-1	-9.10388E-3	1.44500E-5	1.91436E-1	0.00000E+0	0.00000E+0	0.00000E+0
-5.77500E-7	1.27588E-1	2.18344E-2	1.45000E-5	1.89108E-1	0.00000E+0	0.00000E+0	0.00000E+0
-5.27500E-7	1.27585E-1	2.24016E-3	1.45500E-5	1.86829E-1	0.00000E+0	0.00000E+0	0.00000E+0
-4.77500E-7	1.27588E-1	2.75064E-2	1.46000E-5	1.84599E-1	0.00000E+0	0.00000E+0	0.00000E+0
-4.27500E-7	1.27581E-1	-2.09636E-2	1.46500E-5	1.82415E-1	0.00000E+0	0.00000E+0	0.00000E+0
-3.77500E-7	1.27589E-1	3.16315E-2	1.47000E-5	1.80278E-1	0.00000E+0	0.00000E+0	0.00000E+0
-3.27500E-7	1.27583E-1	-7.55696E-3	1.47500E-5	1.78186E-1	0.00000E+0	0.00000E+0	0.00000E+0
-2.77500E-7	1.27581E-1	-2.30261E-2	1.48000E-5	1.76138E-1	0.00000E+0	0.00000E+0	0.00000E+0
-2.27500E-7	1.27579E-1	-3.48858E-2	1.48500E-5	1.74133E-1	0.00000E+0	0.00000E+0	0.00000E+0
-1.77500E-7	1.27582E-1	-1.42603E-2	1.49000E-5	1.72170E-1	0.00000E+0	0.00000E+0	0.00000E+0
-1.27500E-7	1.27582E-1	-1.78697E-2	1.49500E-5	1.70249E-1	0.00000E+0	0.00000E+0	0.00000E+0
-7.75000E-8	1.27585E-1	1.72452E-3	1.50000E-5	1.68369E-1	0.00000E+0	0.00000E+0	0.00000E+0
-2.75000E-8	1.27587E-1	1.97719E-2	1.50500E-5	1.66528E-1	0.00000E+0	0.00000E+0	0.00000E+0
2.25000E-8	1.27581E-1	-2.19948E-2	1.51000E-5	1.64726E-1	0.00000E+0	0.00000E+0	0.00000E+0
7.25000E-8	1.27589E-1	3.16315E-2	1.51500E-5	1.62962E-1	0.00000E+0	0.00000E+0	0.00000E+0
1.22500E-7	1.27588E-1	2.54439E-2	1.52000E-5	1.61236E-1	0.00000E+0	0.00000E+0	0.00000E+0
1.72500E-7	1.27591E-1	4.55538E-2	1.52500E-5	1.59546E-1	0.00000E+0	0.00000E+0	0.00000E+0
2.22500E-7	1.27584E-1	-3.43186E-3	1.53000E-5	1.57891E-1	0.00000E+0	0.00000E+0	0.00000E+0
2.72500E-7	1.27584E-1	-2.91622E-3	1.53500E-5	1.56272E-1	0.00000E+0	0.00000E+0	0.00000E+0
3.22500E-7	1.27593E-1	5.58665E-2	1.54000E-5	1.54687E-1	0.00000E+0	0.00000E+0	0.00000E+0
3.72500E-7	1.27597E-1	8.26797E-2	1.54500E-5	1.53135E-1	0.00000E+0	0.00000E+0	0.00000E+0
4.22500E-7	1.27598E-1	8.98986E-2	1.55000E-5	1.51616E-1	0.00000E+0	0.00000E+0	0.00000E+0
4.72500E-7	1.27608E-1	1.54353E-1	1.55500E-5	1.50129E-1	0.00000E+0	0.00000E+0	0.00000E+0
5.22500E-7	1.27621E-1	2.45106E-1	1.56000E-5	1.48673E-1	0.00000E+0	0.00000E+0	0.00000E+0
5.72500E-7	1.27631E-1	3.08014E-1	1.56500E-5	1.47249E-1	0.00000E+0	0.00000E+0	0.00000E+0
6.22500E-7	1.27639E-1	3.59062E-1	1.57000E-5	1.45854E-1	0.00000E+0	0.00000E+0	0.00000E+0
6.72500E-7	1.27642E-1	3.78140E-1	1.57500E-5	1.44489E-1	0.00000E+0	0.00000E+0	0.00000E+0
7.22500E-7	1.27649E-1	4.25579E-1	1.58000E-5	1.43152E-1	0.00000E+0	0.00000E+0	0.00000E+0
7.72500E-7	1.27655E-1	4.69924E-1	1.58500E-5	1.41844E-1	0.00000E+0	0.00000E+0	0.00000E+0
8.22500E-7	1.27654E-1	4.58064E-1	1.59000E-5	1.40564E-1	0.00000E+0	0.00000E+0	0.00000E+0
8.72500E-7	1.27652E-1	4.47752E-1	1.59500E-5	1.39310E-1	0.00000E+0	0.00000E+0	0.00000E+0
9.22500E-7	1.27665E-1	5.30769E-1	1.60000E-5	1.38083E-1	0.00000E+0	0.00000E+0	0.00000E+0
9.72500E-7	1.27665E-1	5.34379E-1	1.60500E-5	1.36882E-1	0.00000E+0	0.00000E+0	0.00000E+0
1.02250E-6	1.27656E-1	4.73533E-1	1.61000E-5	1.35706E-1	0.00000E+0	0.00000E+0	0.00000E+0
1.07250E-6	1.27676E-1	6.08115E-1	1.61500E-5	1.34555E-1	0.00000E+0	0.00000E+0	0.00000E+0
1.12250E-6	1.27660E-1	5.01894E-1	1.62000E-5	1.33429E-1	0.00000E+0	0.00000E+0	0.00000E+0
1.17250E-6	1.27668E-1	5.49332E-1	1.62500E-5	1.32326E-1	0.00000E+0	0.00000E+0	0.00000E+0
1.22250E-6	1.27672E-1	5.78208E-1	1.63000E-5	1.31246E-1	0.00000E+0	0.00000E+0	0.00000E+0
1.27250E-6	1.27677E-1	6.11724E-1	1.63500E-5	1.30189E-1	0.00000E+0	0.00000E+0	0.00000E+0
1.32250E-6	1.27674E-1	5.89036E-1	1.64000E-5	1.29155E-1	0.00000E+0	0.00000E+0	0.00000E+0
1.37250E-6	1.27680E-1	6.31834E-1	1.64500E-5	1.28142E-1	0.00000E+0	0.00000E+0	0.00000E+0
1.42250E-6	1.27683E-1	6.48850E-1	1.65000E-5	1.27151E-1	0.00000E+0	0.00000E+0	0.00000E+0
1.47250E-6	1.27680E-1	6.29772E-1	1.65500E-5	1.26181E-1	0.00000E+0	0.00000E+0	0.00000E+0
1.52250E-6	1.27674E-1	5.92130E-1	1.66000E-5	1.25231E-1	0.00000E+0	0.00000E+0	0.00000E+0
1.57250E-6	1.27676E-1	6.02443E-1	1.66500E-5	1.24301E-1	0.00000E+0	0.00000E+0	0.00000E+0
1.62250E-6	1.27677E-1	6.11724E-1	1.67000E-5	1.23391E-1	0.00000E+0	0.00000E+0	0.00000E+0
1.67250E-6	1.27681E-1	6.36991E-1	1.67500E-5	1.22501E-1	0.00000E+0	0.00000E+0	0.00000E+0
1.72250E-6	1.27677E-1	6.09146E-1	1.68000E-5	1.21628E-1	0.00000E+0	0.00000E+0	0.00000E+0
1.77250E-6	1.27687E-1	6.76695E-1	1.68500E-5	1.20775E-1	0.00000E+0	0.00000E+0	0.00000E+0
1.82250E-6	1.27684E-1	6.58132E-1	1.69000E-5	1.19939E-1	0.00000E+0	0.00000E+0	0.00000E+0
1.87250E-6	1.27690E-1	6.98352E-1	1.69500E-5	1.19121E-1	0.00000E+0	0.00000E+0	0.00000E+0
1.92250E-6	1.27684E-1	6.58132E-1	1.70000E-5	1.18321E-1	0.00000E+0	0.00000E+0	0.00000E+0
1.97250E-6	1.27688E-1	6.82367E-1	1.70500E-5	1.17537E-1	0.00000E+0	0.00000E+0	0.00000E+0
2.02250E-6	1.27687E-1	6.78757E-1	1.71000E-5	1.16770E-1	0.00000E+0	0.00000E+0	0.00000E+0
2.07250E-6	1.27680E-1	6.30287E-1	1.71500E-5	1.16019E-1	0.00000E+0	0.00000E+0	0.00000E+0
2.12250E-6	1.27685E-1	6.67413E-1	1.72000E-5	1.15283E-1	0.00000E+0	0.00000E+0	0.00000E+0
2.17250E-6	1.27686E-1	6.69476E-1	1.72500E-5	1.14564E-1	0.00000E+0	0.00000E+0	0.00000E+0
2.22250E-6	1.27692E-1	7.11243E-1	1.73000E-5	1.13859E-1	0.00000E+0	0.00000E+0	0.00000E+0
2.27250E-6	1.27690E-1	6.97320E-1	1.73500E-5	1.13170E-1	0.00000E+0	0.00000E+0	0.00000E+0
2.32250E-6	1.27686E-1	6.73085E-1	1.74000E-5	1.12495E-1	0.00000E+0	0.00000E+0	0.00000E+0
2.37250E-6	1.27685E-1	6.64320E-1	1.74500E-5	1.11834E-1	0.00000E+0	0.00000E+0	0.00000E+0
2.42250E-6	1.27688E-1	6.85461E-1	1.75000E-5	1.11187E-1	0.00000E+0	0.00000E+0	0.00000E+0
2.47250E-6	1.27685E-1	6.66382E-1	1.75500E-5	1.10554E-1	0.00000E+0	0.00000E+0	0.00000E+0
2.52250E-6	1.27689E-1	6.93195E-1	1.76000E-5	1.09934E-1	0.00000E+0	0.00000E+0	0.00000E+0
2.57250E-6	1.27692E-1	7.11243E-1	1.76500E-5	1.09328E-1	0.00000E+0	0.00000E+0	0.00000E+0
2.62250E-6	1.27692E-1	7.12790E-1	1.77000E-5	1.08734E-1	0.00000E+0	0.00000E+0	0.00000E+0
2.67250E-6	1.27693E-1	7.15368E-1	1.77500E-5	1.08153E-1	0.00000E+0	0.00000E+0	0.00000E+0
2.72250E-6	1.27697E-1	7.42697E-1	1.78000E-5	1.07584E-1	0.00000E+0	0.00000E+0	0.00000E+0
2.77250E-6	1.27693E-1	7.16399E-1	1.78500E-5	1.07027E-1	0.00000E+0	0.00000E+0	0.00000E+0
2.82250E-6	1.27699E-1	7.60228E-1	1.79000E-5	1.06481E-1	0.00000E+0	0.00000E+0	0.00000E+0
2.87250E-6	1.27694E-1	7.22071E-1	1.79500E-5	1.05948E-1	0.00000E+0	0.00000E+0	0.00000E+0
2.92250E-6	1.27694E-1	7.25165E-1	1.80000E-5	1.05425E-1	0.00000E+0	0.00000E+0	0.00000E+0
2.97250E-6	1.27688E-1	6.82367E-1	1.80500E-5	1.04914E-1	0.00000E+0	0.00000E+0	0.00000E+0
3.02250E-6	1.27695E-1	7.31353E-1	1.81000E-5	1.04413E-1	0.00000E+0	0.00000E+0	0.00000E+0
3.07250E-6	1.27696E-1	7.38056E-1	1.81500E-5	1.03923E-1	0.00000E+0	0.00000E+0	0.00000E+0
3.12250E-6	1.27697E-1	7.46306E-1	1.82000E-5	1.03443E-1	0.00000E+0	0.00000E+0	0.00000E+0
3.17250E-6	1.27689E-1	6.88555E-1	1.82500E-5	1.02974E-1	0.00000E+0	0.00000E+0	0.00000E+0
3.22250E-6	1.27698E-1	7.53525E-1	1.83000E-5	1.02514E-1	0.00000E+0	0.00000E+0	0.00000E+0
3.27250E-6	1.27696E-1	7.38056E-1	1.83500E-5	1.02064E-1	0.00000E+0	0.00000E+0	0.00000E+0
3.32250E-6	1.27695E-1	7.32899E-1	1.84000E-5	1.01624E-1	0.00000E+0	0.00000E+0	0.00000E+0
3.37250E-6	1.27698E-1	7.48369E-1	1.84500E-5	1.01192E-1	0.00000E+0	0.00000E+0	0.00000E+0
3.42250E-6	1.27697E-1	7.41150E-1	1.85000E-5	1.00770E-1	0.00000E+0	0.00000E+0	0.00000E+0
3.47250E-6	1.27699E-1	7.55072E-1	1.85500E-5	1.00357E-1	0.00000E+0	0.00000E+0	0.00000E+0
3.52250E-6	1.27701E-1	7.72088E-1	1.86000E-5	9.99528E-2	0.00000E+0	0.00000E+0	0.00000E+0
3.57250E-6	1.27702E-1	7.75697E-1	1.86500E-5	9.95569E-2	0.00000E+0	0.00000E+0	0.00000E+0
3.62250E-6	1.27706E-1	8.00448E-1	1.87000E-5	9.91694E-2	0.00000E+0	0.00000E+0	0.00000E+0
3.67250E-6	1.27707E-1	8.10761E-1	1.87500E-5	9.87901E-2	0.00000E+0	0.00000E+0	0.00000E+0
3.72250E-6	1.27706E-1	8.06120E-1	1.88000E-5	9.84188E-2	0.00000E+0	0.00000E+0	0.00000E+0
3.77250E-6	1.27699E-1	7.57650E-1	1.88500E-5	9.80553E-2	0.00000E+0	0.00000E+0	0.00000E+0
3.82250E-6	1.27707E-1	8.10245E-1	1.89000E-5	9.76995E-2	0.00000E+0	0.00000E+0	0.00000E+0
3.87250E-6	1.27698E-1	7.49400E-1	1.89500E-5	9.73512E-2	0.00000E+0	0.00000E+0	0.00000E+0
3.92250E-6	1.27695E-1	7.29290E-1	1.90000E-5	9.70103E-2	0.00000E+0	0.00000E+0	0.00000E+0
3.97250E-6	1.27704E-1	7.88073E-1	1.90500E-5	9.66766E-2	0.00000E+0	0.00000E+0	0.00000E+0
4.02250E-6	1.27694E-1	7.24134E-1	1.91000E-5	9.63499E-2	0.00000E+0	0.00000E+0	0.00000E+0
4.07250E-6	1.27708E-1	8.16948E-1	1.91500E-5	9.60301E-2	0.00000E+0	0.00000E+0	0.00000E+0
4.12250E-6	1.27696E-1	7.34446E-1	1.92000E-5	9.57171E-2	0.00000E+0	0.00000E+0	0.00000E+0
4.17250E-6	1.27699E-1	7.55588E-1	1.92500E-5	9.54106E-2	0.00000E+0	0.00000E+0	0.00000E+0
4.22250E-6	1.27703E-1	7.84979E-1	1.93000E-5	9.51107E-2	0.00000E+0	0.00000E+0	0.00000E+0
4.27250E-6	1.27700E-1	7.61260E-1	1.93500E-5	9.48171E-2	0.00000E+0	0.00000E+0	0.00000E+0
4.32250E-6	1.27700E-1	7.63838E-1	1.94000E-5	9.45297E-2	0.00000E+0	0.00000E+0	0.00000E+0
4.37250E-6	1.27703E-1	7.86526E-1	1.94500E-5	9.42483E-2	0.00000E+0	0.00000E+0	0.00000E+0
4.42250E-6	1.27709E-1	8.25199E-1	1.95000E-5	9.39729E-2	0.00000E+0	0.00000E+0	0.00000E+0
4.47250E-6	1.27702E-1	7.77760E-1	1.95500E-5	9.37034E-2	0.00000E+0	0.00000E+0	0.00000E+0
4.52250E-6	1.27701E-1	7.72604E-1	1.96000E-5	9.34395E-2	0.00000E+0	0.00000E+0	0.00000E+0
4.57250E-6	1.27701E-1	7.73119E-1	1.96500E-5	9.31812E-2	0.00000E+0	0.00000E+0	0.00000E+0
4.62250E-6	1.27708E-1	8.19527E-1	1.97000E-5	9.29283E-2	0.00000E+0	0.00000E+0	0.00000E+0
4.67250E-6	1.27702E-1	7.78791E-1	1.97500E-5	9.26808E-2	0.00000E+0	0.00000E+0	0.00000E+0
4.72250E-6	1.27699E-1	7.60228E-1	1.98000E-5	9.24385E-2	0.00000E+0	0.00000E+0	0.00000E+0
4.77250E-6	1.27709E-1	8.21589E-1	1.98500E-5	9.22013E-2	0.00000E+0	0.00000E+0	0.00000E+0
4.82250E-6	1.27706E-1	8.02511E-1	1.99000E-5	9.19691E-2	0.00000E+0	0.00000E+0	0.00000E+0
4.87250E-6	1.27710E-1	8.32933E-1	1.99500E-5	9.17419E-2	0.00000E+0	0.00000E+0	0.00000E+0
4.92250E-6	1.27709E-1	8.21589E-1	2.00000E-5	9.15194E-2	0.00000E+0	0.00000E+0	0.00000E+0
4.97250E-6	1.27706E-1	8.04573E-1	2.00500E-5	9.13016E-2	0.00000E+0	0.00000E+0	0.00000E+0
5.02250E-6	1.27706E-1	8.03542E-1	2.01000E-5	9.10885E-2	0.00000E+0	0.00000E+0	0.00000E+0
5.07250E-6	1.27708E-1	8.16433E-1	2.01500E-5	9.08798E-2	0.00000E+0	0.00000E+0	0.00000E+0
5.12250E-6	1.27707E-1	8.10761E-1	2.02000E-5	9.06755E-2	0.00000E+0	0.00000E+0	0.00000E+0
5.17250E-6	1.27713E-1	8.51496E-1	2.02500E-5	9.04756E-2	0.00000E+0	0.00000E+0	0.00000E+0
5.22250E-6	1.27710E-1	8.28292E-1	2.03000E-5	9.02799E-2	0.00000E+0	0.00000E+0	0.00000E+0
5.27250E-6	1.27715E-1	8.63872E-1	2.03500E-5	9.00883E-2	0.00000E+0	0.00000E+0	0.00000E+0
5.32250E-6	1.27724E-1	9.19045E-1	2.04000E-5	8.99007E-2	0.00000E+0	0.00000E+0	0.00000E+0
5.37250E-6	1.27714E-1	8.55106E-1	2.04500E-5	8.97172E-2	0.00000E+0	0.00000E+0	0.00000E+0
5.42250E-6	1.27707E-1	8.08698E-1	2.05000E-5	8.95374E-2	0.00000E+0	0.00000E+0	0.00000E+0
5.47250E-6	1.27707E-1	8.09730E-1	2.05500E-5	8.93615E-2	0.00000E+0	0.00000E+0	0.00000E+0
5.52250E-6	1.27712E-1	8.44793E-1	2.06000E-5	8.91893E-2	0.00000E+0	0.00000E+0	0.00000E+0
5.57250E-6	1.27703E-1	7.80854E-1	2.06500E-5	8.90208E-2	0.00000E+0	0.00000E+0	0.00000E+0
5.62250E-6	1.27713E-1	8.46855E-1	2.07000E-5	8.88558E-2	0.00000E+0	0.00000E+0	0.00000E+0
5.67250E-6	1.27708E-1	8.16948E-1	2.07500E-5	8.86943E-2	0.00000E+0	0.00000E+0	0.00000E+0
5.72250E-6	1.27709E-1	8.25714E-1	2.08000E-5	8.85362E-2	0.00000E+0	0.00000E+0	0.00000E+0
5.77250E-6	1.27711E-1	8.37058E-1	2.08500E-5	8.83814E-2	0.00000E+0	0.00000E+0	0.00000E+0
5.82250E-6	1.27710E-1	8.32933E-1	2.09000E-5	8.82299E-2	0.00000E+0	0.00000E+0	0.00000E+0
5.87250E-6	1.27713E-1	8.51496E-1	2.09500E-5	8.80816E-2	0.00000E+0	0.00000E+0	0.00000E+0
5.92250E-6	1.27720E-1	8.93779E-1	2.10000E-5	8.79364E-2	0.00000E+0	0.00000E+0	0.00000E+0
5.97250E-6	1.27709E-1	8.23136E-1	2.10500E-5	8.77943E-2	0.00000E+0	0.00000E+0	0.00000E+0
6.02250E-6	1.27720E-1	8.96357E-1	2.11000E-5	8.76552E-2	0.00000E+0	0.00000E+0	0.00000E+0
6.07250E-6	1.27721E-1	9.03060E-1	2.11500E-5	8.75191E-2	0.00000E+0	0.00000E+0	0.00000E+0
6.12250E-6	1.27708E-1	8.13855E-1	2.12000E-5	8.73858E-2	0.00000E+0	0.00000E+0	0.00000E+0
6.17250E-6	1.27711E-1	8.38090E-1	2.12500E-5	8.72553E-2	0.00000E+0	0.00000E+0	0.00000E+0
6.22250E-6	1.27716E-1	8.72637E-1	2.13000E-5	8.71276E-2	0.00000E+0	0.00000E+0	0.00000E+0
6.27250E-6	1.27713E-1	8.49434E-1	2.13500E-5	8.70026E-2	0.00000E+0	0.00000E+0	0.00000E+0
6.32250E-6	1.27713E-1	8.46340E-1	2.14000E-5	8.68802E-2	0.00000E+0	0.00000E+0	0.00000E+0
6.37250E-6	1.27722E-1	9.07701E-1	2.14500E-5	8.67604E-2	0.00000E+0	0.00000E+0	0.00000E+0
6.42250E-6	1.27712E-1	8.42215E-1	2.15000E-5	8.66432E-2	0.00000E+0	0.00000E+0	0.00000E+0
6.47250E-6	1.27713E-1	8.52012E-1	2.15500E-5	8.65284E-2	0.00000E+0	0.00000E+0	0.00000E+0
6.52250E-6	1.27723E-1	9.16982E-1	2.16000E-5	8.64160E-2	0.00000E+0	0.00000E+0	0.00000E+0
6.57250E-6	1.27714E-1	8.58200E-1	2.16500E-5	8.63060E-2	0.00000E+0	0.00000E+0	0.00000E+0
6.62250E-6	1.27714E-1	8.58200E-1	2.17000E-5	8.61983E-2	0.00000E+0	0.00000E+0	0.00000E+0
6.67250E-6	1.27718E-1	8.82434E-1	2.17500E-5	8.60930E-2	0.00000E+0	0.00000E+0	0.00000E+0
6.72250E-6	1.27721E-1	9.04607E-1	2.18000E-5	8.59898E-2	0.00000E+0	0.00000E+0	0.00000E+0
6.77250E-6	1.27709E-1	8.23652E-1	2.18500E-5	8.58888E-2	0.00000E+0	0.00000E+0	0.00000E+0
6.82250E-6	1.27724E-1	9.21623E-1	2.19000E-5	8.57899E-2	0.00000E+0	0.00000E+0	0.00000E+0
6.87250E-6	1.27715E-1	8.60778E-1	2.19500E-5	8.56932E-2	0.00000E+0	0.00000E+0	0.00000E+0
6.92250E-6	1.27715E-1	8.59746E-1	2.20000E-5	8.55984E-2	0.00000E+0	0.00000E+0	0.00000E+0
6.97250E-6	1.27712E-1	8.42730E-1	2.20500E-5	8.55057E-2	0.00000E+0	0.00000E+0	0.00000E+0
7.02250E-6	1.27717E-1	8.78309E-1	2.21000E-5	8.54150E-2	0.00000E+0	0.00000E+0	0.00000E+0
7.07250E-6	1.27713E-1	8.47887E-1	2.21500E-5	8.53261E-2	0.00000E+0	0.00000E+0	0.00000E+0
7.12250E-6	1.27710E-1	8.32933E-1	2.22000E-5	8.52391E-2	0.00000E+0	0.00000E+0	0.00000E+0
7.17250E-6	1.27720E-1	8.96872E-1	2.22500E-5	8.51540E-2	0.00000E+0	0.00000E+0	0.00000E+0
7.22250E-6	1.27714E-1	8.56653E-1	2.23000E-5	8.50707E-2	0.00000E+0	0.00000E+0	0.00000E+0
7.27250E-6	1.27713E-1	8.52527E-1	2.23500E-5	8.49891E-2	0.00000E+0	0.00000E+0	0.00000E+0
7.32250E-6	1.27707E-1	8.10761E-1	2.24000E-5	8.49092E-2	0.00000E+0	0.00000E+0	0.00000E+0
7.37250E-6	1.27717E-1	8.73669E-1	2.24500E-5	8.48311E-2	0.00000E+0	0.00000E+0	0.00000E+0
7.42250E-6	1.27709E-1	8.20558E-1	2.25000E-5	8.47545E-2	0.00000E+0	0.00000E+0	0.00000E+0
7.47250E-6	1.27719E-1	8.89138E-1	2.25500E-5	8.46796E-2	0.00000E+0	0.00000E+0	0.00000E+0
7.52250E-6	1.27712E-1	8.45309E-1	2.26000E-5	8.46063E-2	0.00000E+0	0.00000E+0	0.00000E+0
7.57250E-6	1.27721E-1	9.03576E-1	2.26500E-5	8.45345E-2	0.00000E+0	0.00000E+0	0.00000E+0
7.62250E-6	1.27723E-1	9.18529E-1	2.27000E-5	8.44643E-2	0.00000E+0	0.00000E+0	0.00000E+0
7.67250E-6	1.27716E-1	8.69544E-1	2.27500E-5	8.43955E-2	0.00000E+0	0.00000E+0	0.00000E+0
7.72250E-6	1.27714E-1	8.54590E-1	2.28000E-5	8.43282E-2	0.00000E+0	0.00000E+0	0.00000E+0
7.77250E-6	1.27720E-1	8.95841E-1	2.28500E-5	8.42623E-2	0.00000E+0	0.00000E+0	0.00000E+0
7.82250E-6	1.27716E-1	8.70575E-1	2.29000E-5	8.41978E-2	0.00000E+0	0.00000E+0	0.00000E+0
7.87250E-6	1.27711E-1	8.37058E-1	2.29500E-5	8.41346E-2	0.00000E+0	0.00000E+0	0.00000E+0
7.92250E-6	1.27709E-1	8.21589E-1	2.30000E-5	8.40728E-2	0.00000E+0	0.00000E+0	0.00000E+0
7.97250E-6	1.27716E-1	8.67997E-1	2.30500E-5	8.40123E-2	0.00000E+0	0.00000E+0	0.00000E+0
8.02250E-6	1.27713E-1	8.48402E-1	2.31000E-5	8.39531E-2	0.00000E+0	0.00000E+0	0.00000E+0
8.07250E-6	1.27715E-1	8.60778E-1	2.31500E-5	8.38951E-2	0.00000E+0	0.00000E+0	0.00000E+0
8.12250E-6	1.27709E-1	8.22620E-1	2.32000E-5	8.38384E-2	0.00000E+0	0.00000E+0	0.00000E+0
8.17250E-6	1.27715E-1	8.62840E-1	2.32500E-5	8.37828E-2	0.00000E+0	0.00000E+0	0.00000E+0
8.22250E-6	1.27721E-1	8.99451E-1	2.33000E-5	8.37284E-2	0.00000E+0	0.00000E+0	0.00000E+0
8.27250E-6	1.27720E-1	8.93263E-1	2.33500E-5	8.36752E-2	0.00000E+0	0.00000E+0	0.00000E+0
8.32250E-6	1.27716E-1	8.67997E-1	2.34000E-5	8.36231E-2	0.00000E+0	0.00000E+0	0.00000E+0
8.37250E-6	1.27720E-1	8.96357E-1	2.34500E-5	8.35721E-2	0.00000E+0	0.00000E+0	0.00000E+0
8.42250E-6	1.27715E-1	8.65418E-1	2.35000E-5	8.35222E-2	0.00000E+0	0.00000E+0	0.00000E+0
8.47250E-6	1.27713E-1	8.48918E-1	2.35500E-5	8.34733E-2	0.00000E+0	0.00000E+0	0.00000E+0
8.52250E-6	1.27730E-1	9.63390E-1	2.36000E-5	8.34254E-2	0.00000E+0	0.00000E+0	0.00000E+0
8.57250E-6	1.27718E-1	8.83466E-1	2.36500E-5	8.33786E-2	0.00000E+0	0.00000E+0	0.00000E+0
8.62250E-6	1.27728E-1	9.45858E-1	2.37000E-5	8.33328E-2	0.00000E+0	0.00000E+0	0.00000E+0
8.67250E-6	1.27726E-1	9.35545E-1	2.37500E-5	8.32879E-2	0.00000E+0	0.00000E+0	0.00000E+0
8.72250E-6	1.27722E-1	9.08732E-1	2.38000E-5	8.32440E-2	0.00000E+0	0.00000E+0	0.00000E+0
8.77250E-6	1.27724E-1	9.23170E-1	2.38500E-5	8.32010E-2	0.00000E+0	0.00000E+0	0.00000E+0
8.82250E-6	1.27719E-1	8.89138E-1	2.39000E-5	8.31589E-2	0.00000E+0	0.00000E+0	0.00000E+0
8.87250E-6	1.27723E-1	9.15435E-1	2.39500E-5	8.31177E-2	0.00000E+0	0.00000E+0	0.00000E+0
8.92250E-6	1.27719E-1	8.87591E-1	2.40000E-5	8.30773E-2	0.00000E+0	0.00000E+0	0.00000E+0
8.97250E-6	1.27713E-1	8.46340E-1	2.40500E-5	8.30378E-2	0.00000E+0	0.00000E+0	0.00000E+0
9.02250E-6	1.27722E-1	9.11310E-1	2.41000E-5	8.29992E-2	0.00000E+0	0.00000E+0	0.00000E+0
9.07250E-6	1.27727E-1	9.41217E-1	2.41500E-5	8.29614E-2	0.00000E+0	0.00000E+0	0.00000E+0
9.12250E-6	1.27720E-1	8.93263E-1	2.42000E-5	8.29243E-2	0.00000E+0	0.00000E+0	0.00000E+0
9.17250E-6	1.27731E-1	9.68030E-1	2.42500E-5	8.28881E-2	0.00000E+0	0.00000E+0	0.00000E+0
9.22250E-6	1.27723E-1	9.12857E-1	2.43000E-5	8.28526E-2	0.00000E+0	0.00000E+0	0.00000E+0
9.27250E-6	1.27726E-1	9.32967E-1	2.43500E-5	8.28179E-2	0.00000E+0	0.00000E+0	0.00000E+0
9.32250E-6	1.27720E-1	8.94294E-1	2.44000E-5	8.27839E-2	0.00000E+0	0.00000E+0	0.00000E+0
9.37250E-6	1.27723E-1	9.16982E-1	2.44500E-5	8.27506E-2	0.00000E+0	0.00000E+0	0.00000E+0
9.42250E-6	1.27723E-1	9.16467E-1	2.45000E-5	8.27180E-2	0.00000E+0	0.00000E+0	0.00000E+0
9.47250E-6	1.27717E-1	8.78309E-1	2.45500E-5	8.26861E-2	0.00000E+0	0.00000E+0	0.00000E+0
9.52250E-6	1.27718E-1	8.85528E-1	2.46000E-5	8.26549E-2	0.00000E+0	0.00000E+0	0.00000E+0
9.57250E-6	1.27723E-1	9.18529E-1	2.46500E-5	8.26243E-2	0.00000E+0	0.00000E+0	0.00000E+0
9.62250E-6	1.27722E-1	9.09248E-1	2.47000E-5	8.25944E-2	0.00000E+0	0.00000E+0	0.00000E+0
9.67250E-6	1.27718E-1	8.82434E-1	2.47500E-5	8.25651E-2	0.00000E+0	0.00000E+0	0.00000E+0
9.72250E-6	1.27721E-1	9.05123E-1	2.48000E-5	8.25365E-2	0.00000E+0	0.00000E+0	0.00000E+0
9.77250E-6	1.27717E-1	8.78825E-1	2.48500E-5	8.25084E-2	0.00000E+0	0.00000E+0	0.00000E+0
9.82250E-6	1.27724E-1	9.22139E-1	2.49000E-5	8.24809E-2	0.00000E+0	0.00000E+0	0.00000E+0
9.87250E-6	1.27732E-1	9.74218E-1	2.49500E-5	8.24540E-2	0.00000E+0	0.00000E+0	0.00000E+0
9.92250E-6	1.27730E-1	9.63390E-1	2.50000E-5	8.24277E-2	0.00000E+0	0.00000E+0	0.00000E+0
9.97250E-6	1.27724E-1	9.21623E-1	2.50500E-5	8.24020E-2	0.00000E+0	0.00000E+0	0.00000E+0
1.00225E-5	1.27736E-1	1.00000E+0	2.51000E-5	8.23767E-2	0.00000E+0	0.00000E+0	0.00000E+0
1.00725E-5	1.27729E-1	9.55655E-1	2.51500E-5	8.23521E-2	0.00000E+0	0.00000E+0	0.00000E+0
1.01225E-5	1.27723E-1	9.16467E-1	2.52000E-5	8.23279E-2	0.00000E+0	0.00000E+0	0.00000E+0
1.01725E-5	1.27720E-1	8.98419E-1	2.52500E-5	8.23042E-2	0.00000E+0	0.00000E+0	0.00000E+0
1.02225E-5	1.27725E-1	9.30904E-1	2.53000E-5	8.22811E-2	0.00000E+0	0.00000E+0	0.00000E+0
1.02725E-5	1.27728E-1	9.47405E-1	2.53500E-5	8.22584E-2	0.00000E+0	0.00000E+0	0.00000E+0
1.03225E-5	1.27719E-1	8.92232E-1	2.54000E-5	8.22362E-2	0.00000E+0	0.00000E+0	0.00000E+0
1.03725E-5	1.27713E-1	8.52012E-1	2.54500E-5	8.22145E-2	0.00000E+0	0.00000E+0	0.00000E+0
1.04225E-5	1.27709E-1	8.23136E-1	2.55000E-5	8.21933E-2	0.00000E+0	0.00000E+0	0.00000E+0
1.04725E-5	1.27700E-1	7.61260E-1	2.55500E-5	8.21724E-2	0.00000E+0	0.00000E+0	0.00000E+0
1.05225E-5	1.27690E-1	6.94742E-1	2.56000E-5	8.21521E-2	0.00000E+0	0.00000E+0	0.00000E+0
1.05725E-5	1.27685E-1	6.63804E-1	2.56500E-5	8.21321E-2	0.00000E+0	0.00000E+0	0.00000E+0
1.06225E-5	1.27674E-1	5.93677E-1	2.57000E-5	8.21126E-2	0.00000E+0	0.00000E+0	0.00000E+0
1.06725E-5	1.27663E-1	5.22519E-1	2.57500E-5	8.20935E-2	0.00000E+0	0.00000E+0	0.00000E+0
1.07225E-5	1.27666E-1	5.40051E-1	2.58000E-5	8.20748E-2	0.00000E+0	0.00000E+0	0.00000E+0
1.07725E-5	1.27658E-1	4.83331E-1	2.58500E-5	8.20565E-2	0.00000E+0	0.00000E+0	0.00000E+0
1.08225E-5	1.27661E-1	5.07050E-1	2.59000E-5	8.20386E-2	0.00000E+0	0.00000E+0	0.00000E+0
1.08725E-5	1.27662E-1	5.10659E-1	2.59500E-5	8.20210E-2	0.00000E+0	0.00000E+0	0.00000E+0
1.09225E-5	1.27658E-1	4.83331E-1	2.60000E-5	8.20038E-2	0.00000E+0	0.00000E+0	0.00000E+0
1.09725E-5	1.27661E-1	5.07050E-1	2.60500E-5	8.19870E-2	0.00000E+0	0.00000E+0	0.00000E+0
1.10225E-5	1.27660E-1	4.97253E-1	2.61000E-5	8.19706E-2	0.00000E+0	0.00000E+0	0.00000E+0
1.10725E-5	1.27654E-1	4.59096E-1	2.61500E-5	8.19545E-2	0.00000E+0	0.00000E+0	0.00000E+0
1.11225E-5	1.27652E-1	4.48783E-1	2.62000E-5	8.19387E-2	0.00000E+0	0.00000E+0	0.00000E+0
1.11725E-5	1.27651E-1	4.40017E-1	2.62500E-5	8.19233E-2	0.00000E+0	0.00000E+0	0.00000E+0
1.12225E-5	1.27648E-1	4.17845E-1	2.63000E-5	8.19082E-2	0.00000E+0	0.00000E+0	0.00000E+0
1.12725E-5	1.27645E-1	4.01344E-1	2.63500E-5	8.18934E-2	0.00000E+0	0.00000E+0	0.00000E+0
1.13225E-5	1.27645E-1	4.01344E-1	2.64000E-5	8.18789E-2	0.00000E+0	0.00000E+0	0.00000E+0
1.13725E-5	1.27644E-1	3.97219E-1	2.64500E-5	8.18647E-2	0.00000E+0	0.00000E+0	0.00000E+0
1.14225E-5	1.27645E-1	4.01860E-1	2.65000E-5	8.18508E-2	0.00000E+0	0.00000E+0	0.00000E+0
1.14725E-5	1.27642E-1	3.79172E-1	2.65500E-5	8.18373E-2	0.00000E+0	0.00000E+0	0.00000E+0
1.15225E-5	1.27640E-1	3.65249E-1	2.66000E-5	8.18240E-2	0.00000E+0	0.00000E+0	0.00000E+0
1.15725E-5	1.27639E-1	3.61124E-1	2.66500E-5	8.18110E-2	0.00000E+0	0.00000E+0	0.00000E+0
1.16225E-5	1.27644E-1	3.92063E-1	2.67000E-5	8.17982E-2	0.00000E+0	0.00000E+0	0.00000E+0
1.16725E-5	1.27643E-1	3.86391E-1	2.67500E-5	8.17858E-2	0.00000E+0	0.00000E+0	0.00000E+0
1.17225E-5	1.27641E-1	3.74531E-1	2.68000E-5	8.17735E-2	0.00000E+0	0.00000E+0	0.00000E+0
1.17725E-5	1.27638E-1	3.51843E-1	2.68500E-5	8.17616E-2	0.00000E+0	0.00000E+0	0.00000E+0
1.18225E-5	1.27638E-1	3.53905E-1	2.69000E-5	8.17499E-2	0.00000E+0	0.00000E+0	0.00000E+0
1.18725E-5	1.27635E-1	3.34827E-1	2.69500E-5	8.17385E-2	0.00000E+0	0.00000E+0	0.00000E+0
1.19225E-5	1.27634E-1	3.27092E-1	2.70000E-5	8.17273E-2	0.00000E+0	0.00000E+0	0.00000E+0
1.19725E-5	1.27632E-1	3.13686E-1	2.70500E-5	8.17163E-2	0.00000E+0	0.00000E+0	0.00000E+0
1.20225E-5	1.27633E-1	3.19873E-1	2.71000E-5	8.17055E-2	0.00000E+0	0.00000E+0	0.00000E+0
1.20725E-5	1.27630E-1	3.03888E-1	2.71500E-5	8.16950E-2	0.00000E+0	0.00000E+0	0.00000E+0
1.21225E-5	1.27629E-1	2.98216E-1	2.72000E-5	8.16847E-2	0.00000E+0	0.00000E+0	0.00000E+0
1.21725E-5	1.27626E-1	2.74497E-1	2.72500E-5	8.16747E-2	0.00000E+0	0.00000E+0	0.00000E+0
1.22225E-5	1.27632E-1	3.15233E-1	2.73000E-5	8.16648E-2	0.00000E+0	0.00000E+0	0.00000E+0
1.22725E-5	1.27632E-1	3.14717E-1	2.73500E-5	8.16552E-2	0.00000E+0	0.00000E+0	0.00000E+0
1.23225E-5	1.27632E-1	3.15233E-1	2.74000E-5	8.16457E-2	0.00000E+0	0.00000E+0	0.00000E+0
1.23725E-5	1.27634E-1	3.26061E-1	2.74500E-5	8.16365E-2	0.00000E+0	0.00000E+0	0.00000E+0
1.24225E-5	1.27624E-1	2.64700E-1	2.75000E-5	8.16274E-2	0.00000E+0	0.00000E+0	0.00000E+0
1.24725E-5	1.27629E-1	2.93060E-1	2.75500E-5	8.16186E-2	0.00000E+0	0.00000E+0	0.00000E+0
1.25225E-5	1.27631E-1	3.08014E-1	2.76000E-5	8.16099E-2	0.00000E+0	0.00000E+0	0.00000E+0
1.25725E-5	1.27617E-1	2.14683E-1	2.76500E-5	8.16014E-2	0.00000E+0	0.00000E+0	0.00000E+0
1.26225E-5	1.27621E-1	2.45621E-1	2.77000E-5	8.15931E-2	0.00000E+0	0.00000E+0	0.00000E+0
1.26725E-5	1.27621E-1	2.43043E-1	2.77500E-5	8.15849E-2	0.00000E+0	0.00000E+0	0.00000E+0
1.27225E-5	1.27627E-1	2.79653E-1	2.78000E-5	8.15770E-2	0.00000E+0	0.00000E+0	0.00000E+0
1.27725E-5	1.27625E-1	2.69856E-1	2.78500E-5	8.15692E-2	0.00000E+0	0.00000E+0	0.00000E+0
1.28225E-5	1.27628E-1	2.87904E-1	2.79000E-5	8.15615E-2	0.00000E+0	0.00000E+0	0.00000E+0
1.28725E-5	1.27621E-1	2.45106E-1	2.79500E-5	8.15541E-2	0.00000E+0	0.00000E+0	0.00000E+0
1.29225E-5	1.27615E-1	2.00245E-1	2.80000E-5	8.15468E-2	0.00000E+0	0.00000E+0	0.00000E+0
1.29725E-5	1.27616E-1	2.06433E-1	2.80500E-5	8.15396E-2	0.00000E+0	0.00000E+0	0.00000E+0
1.30225E-5	1.27611E-1	1.78073E-1	2.81000E-5	8.15326E-2	0.00000E+0	0.00000E+0	0.00000E+0
1.30725E-5	1.27623E-1	2.56965E-1	2.81500E-5	8.15257E-2	0.00000E+0	0.00000E+0	0.00000E+0
1.31225E-5	1.27628E-1	2.87904E-1	2.82000E-5	8.15190E-2	0.00000E+0	0.00000E+0	0.00000E+0
1.31725E-5	1.27620E-1	2.36340E-1	2.82500E-5	8.15125E-2	0.00000E+0	0.00000E+0	0.00000E+0
1.32225E-5	1.27624E-1	2.59028E-1	2.83000E-5	8.15060E-2	0.00000E+0	0.00000E+0	0.00000E+0
1.32725E-5	1.27623E-1	2.56450E-1	2.83500E-5	8.14997E-2	0.00000E+0	0.00000E+0	0.00000E+0
1.33225E-5	1.27628E-1	2.87904E-1	2.84000E-5	8.14936E-2	0.00000E+0	0.00000E+0	0.00000E+0
1.33725E-5	1.27622E-1	2.48715E-1	2.84500E-5	8.14875E-2	0.00000E+0	0.00000E+0	0.00000E+0
1.34225E-5	1.27622E-1	2.50262E-1	2.85000E-5	8.14816E-2	0.00000E+0	0.00000E+0	0.00000E+0
1.34725E-5	1.27616E-1	2.06433E-1	2.85500E-5	8.14758E-2	0.00000E+0	0.00000E+0	0.00000E+0
1.35225E-5	1.27615E-1	2.05917E-1	2.86000E-5	8.14702E-2	0.00000E+0	0.00000E+0	0.00000E+0
1.35725E-5	1.27611E-1	1.76526E-1	2.86500E-5	8.14646E-2	0.00000E+0	0.00000E+0	0.00000E+0
1.36225E-5	1.27617E-1	2.14167E-1	2.87000E-5	8.14592E-2	0.00000E+0	0.00000E+0	0.00000E+0
1.36725E-5	1.27625E-1	2.71403E-1	2.87500E-5	8.14539E-2	0.00000E+0	0.00000E+0	0.00000E+0
1.37225E-5	1.27618E-1	2.23449E-1	2.88000E-5	8.14487E-2	0.00000E+0	0.00000E+0	0.00000E+0
1.37725E-5	1.27621E-1	2.43559E-1	2.88500E-5	8.14436E-2	0.00000E+0	0.00000E+0	0.00000E+0
1.38225E-5	1.27615E-1	2.05917E-1	2.89000E-5	8.14386E-2	0.00000E+0	0.00000E+0	0.00000E+0
1.38725E-5	1.27612E-1	1.80135E-1	2.89500E-5	8.14338E-2	0.00000E+0	0.00000E+0	0.00000E+0
1.39225E-5	1.27620E-1	2.37887E-1	2.90000E-5	8.14290E-2	0.00000E+0	0.00000E+0	0.00000E+0
1.39725E-5	1.27620E-1	2.37371E-1	2.90500E-5	8.14243E-2	0.00000E+0	0.00000E+0	0.00000E+0
1.40225E-5	1.27615E-1	2.02308E-1	2.91000E-5	8.14197E-2	0.00000E+0	0.00000E+0	0.00000E+0
1.40725E-5	1.27626E-1	2.78622E-1	2.91500E-5	8.14153E-2	0.00000E+0	0.00000E+0	0.00000E+0
1.41225E-5	1.27615E-1	2.02823E-1	2.92000E-5	8.14109E-2	0.00000E+0	0.00000E+0	0.00000E+0
1.41725E-5	1.27619E-1	2.31184E-1	2.92500E-5	8.14066E-2	0.00000E+0	0.00000E+0	0.00000E+0
1.42225E-5	1.27622E-1	2.49231E-1	2.93000E-5	8.14024E-2	0.00000E+0	0.00000E+0	0.00000E+0
1.42725E-5	1.27606E-1	1.45072E-1	2.93500E-5	8.13983E-2	0.00000E+0	0.00000E+0	0.00000E+0
1.43225E-5	1.27617E-1	2.17777E-1	2.94000E-5	8.13943E-2	0.00000E+0	0.00000E+0	0.00000E+0
1.43725E-5	1.27613E-1	1.87870E-1	2.94500E-5	8.13903E-2	0.00000E+0	0.00000E+0	0.00000E+0
1.44225E-5	1.27610E-1	1.66729E-1	2.95000E-5	8.13865E-2	0.00000E+0	0.00000E+0	0.00000E+0
1.44725E-5	1.27615E-1	2.03339E-1	2.95500E-5	8.13827E-2	0.00000E+0	0.00000E+0	0.00000E+0
1.45225E-5	1.27622E-1	2.49746E-1	2.96000E-5	8.13790E-2	0.00000E+0	0.00000E+0	0.00000E+0
1.45725E-5	1.27617E-1	2.19324E-1	2.96500E-5	8.13754E-2	0.00000E+0	0.00000E+0	0.00000E+0
1.46225E-5	1.27606E-1	1.44556E-1	2.97000E-5	8.13719E-2	0.00000E+0	0.00000E+0	0.00000E+0
1.46725E-5	1.27615E-1	2.03855E-1	2.97500E-5	8.13684E-2	0.00000E+0	0.00000E+0	0.00000E+0
1.47225E-5	1.27610E-1	1.72401E-1	2.98000E-5	8.13650E-2	0.00000E+0	0.00000E+0	0.00000E+0
1.47725E-5	1.27609E-1	1.60025E-1	2.98500E-5	8.13617E-2	0.00000E+0	0.00000E+0	0.00000E+0
1.48225E-5	1.27609E-1	1.64151E-1	2.99000E-5	8.13584E-2	0.00000E+0	0.00000E+0	0.00000E+0
1.48725E-5	1.27615E-1	2.01276E-1	2.99500E-5	8.13553E-2	0.00000E+0	0.00000E+0	0.00000E+0
1.49225E-5	1.27611E-1	1.74463E-1	3.00000E-5	8.13521E-2	0.00000E+0	0.00000E+0	0.00000E+0
1.49725E-5	1.27611E-1	1.74463E-1	3.00500E-5	8.13491E-2	0.00000E+0	0.00000E+0	0.00000E+0
1.50225E-5	1.27611E-1	1.76010E-1	3.01000E-5	8.13461E-2	0.00000E+0	0.00000E+0	0.00000E+0
1.50725E-5	1.27610E-1	1.68791E-1	3.01500E-5	8.13432E-2	0.00000E+0	0.00000E+0	0.00000E+0
1.51225E-5	1.27604E-1	1.27540E-1	3.02000E-5	8.13403E-2	0.00000E+0	0.00000E+0	0.00000E+0
1.51725E-5	1.27614E-1	1.93542E-1	3.02500E-5	8.13375E-2	0.00000E+0	0.00000E+0	0.00000E+0
1.52225E-5	1.27612E-1	1.84776E-1	3.03000E-5	8.13348E-2	0.00000E+0	0.00000E+0	0.00000E+0
1.52725E-5	1.27605E-1	1.38369E-1	3.03500E-5	8.13321E-2	0.00000E+0	0.00000E+0	0.00000E+0
1.53225E-5	1.27606E-1	1.46103E-1	3.04000E-5	8.13295E-2	0.00000E+0	0.00000E+0	0.00000E+0
1.53725E-5	1.27614E-1	1.95604E-1	3.04500E-5	8.13269E-2	0.00000E+0	0.00000E+0	0.00000E+0
1.54225E-5	1.27616E-1	2.07980E-1	3.05000E-5	8.13244E-2	0.00000E+0	0.00000E+0	0.00000E+0
1.54725E-5	1.27613E-1	1.86323E-1	3.05500E-5	8.13219E-2	0.00000E+0	0.00000E+0	0.00000E+0
1.55225E-5	1.27612E-1	1.84260E-1	3.06000E-5	8.13195E-2	0.00000E+0	0.00000E+0	0.00000E+0
1.55725E-5	1.27609E-1	1.63635E-1	3.06500E-5	8.13172E-2	0.00000E+0	0.00000E+0	0.00000E+0
1.56225E-5	1.27604E-1	1.27025E-1	3.07000E-5	8.13149E-2	0.00000E+0	0.00000E+0	0.00000E+0
1.56725E-5	1.27607E-1	1.51775E-1	3.07500E-5	8.13126E-2	0.00000E+0	0.00000E+0	0.00000E+0
1.57225E-5	1.27608E-1	1.58994E-1	3.08000E-5	8.13104E-2	0.00000E+0	0.00000E+0	0.00000E+0
1.57725E-5	1.27611E-1	1.74979E-1	3.08500E-5	8.13082E-2	0.00000E+0	0.00000E+0	0.00000E+0
1.58225E-5	1.27608E-1	1.57963E-1	3.09000E-5	8.13061E-2	0.00000E+0	0.00000E+0	0.00000E+0
1.58725E-5	1.27614E-1	1.95089E-1	3.09500E-5	8.13040E-2	0.00000E+0	0.00000E+0	0.00000E+0
1.59225E-5	1.27614E-1	1.95604E-1	3.10000E-5	8.13020E-2	0.00000E+0	0.00000E+0	0.00000E+0
1.59725E-5	1.27600E-1	1.02790E-1	3.10500E-5	8.13000E-2	0.00000E+0	0.00000E+0	0.00000E+0
1.60225E-5	1.27612E-1	1.85807E-1	3.11000E-5	8.12981E-2	0.00000E+0	0.00000E+0	0.00000E+0
1.60725E-5	1.27616E-1	2.12105E-1	3.11500E-5	8.12962E-2	0.00000E+0	0.00000E+0	0.00000E+0
1.61225E-5	1.27611E-1	1.75495E-1	3.12000E-5	8.12943E-2	0.00000E+0	0.00000E+0	0.00000E+0
1.61725E-5	1.27614E-1	1.96636E-1	3.12500E-5	8.12925E-2	0.00000E+0	0.00000E+0	0.00000E+0
1.62225E-5	1.27607E-1	1.52807E-1	3.13000E-5	8.12907E-2	0.00000E+0	0.00000E+0	0.00000E+0
1.62725E-5	1.27615E-1	2.03855E-1	3.13500E-5	8.12889E-2	0.00000E+0	0.00000E+0	0.00000E+0
1.63225E-5	1.27610E-1	1.72401E-1	3.14000E-5	8.12872E-2	0.00000E+0	0.00000E+0	0.00000E+0
1.63725E-5	1.27613E-1	1.89417E-1	3.14500E-5	8.12855E-2	0.00000E+0	0.00000E+0	0.00000E+0
1.64225E-5	1.27614E-1	1.95604E-1	3.15000E-5	8.12839E-2	0.00000E+0	0.00000E+0	0.00000E+0
1.64725E-5	1.27610E-1	1.69823E-1	3.15500E-5	8.12823E-2	0.00000E+0	0.00000E+0	0.00000E+0
1.65225E-5	1.27605E-1	1.33728E-1	3.16000E-5	8.12807E-2	0.00000E+0	0.00000E+0	0.00000E+0
1.65725E-5	1.27610E-1	1.68791E-1	3.16500E-5	8.12792E-2	0.00000E+0	0.00000E+0	0.00000E+0
1.66225E-5	1.27605E-1	1.38884E-1	3.17000E-5	8.12777E-2	0.00000E+0	0.00000E+0	0.00000E+0
1.66725E-5	1.27603E-1	1.24962E-1	3.17500E-5	8.12762E-2	0.00000E+0	0.00000E+0	0.00000E+0
1.67225E-5	1.27611E-1	1.75495E-1	3.18000E-5	8.12747E-2	0.00000E+0	0.00000E+0	0.00000E+0
1.67725E-5	1.27605E-1	1.38884E-1	3.18500E-5	8.12733E-2	0.00000E+0	0.00000E+0	0.00000E+0
1.68225E-5	1.27603E-1	1.20321E-1	3.19000E-5	8.12720E-2	0.00000E+0	0.00000E+0	0.00000E+0
1.68725E-5	1.27611E-1	1.76526E-1	3.19500E-5	8.12706E-2	0.00000E+0	0.00000E+0	0.00000E+0
1.69225E-5	1.27601E-1	1.07430E-1	3.20000E-5	8.12693E-2	0.00000E+0	0.00000E+0	0.00000E+0
1.69725E-5	1.27607E-1	1.52807E-1	3.20500E-5	8.12680E-2	0.00000E+0	0.00000E+0	0.00000E+0
1.70225E-5	1.27606E-1	1.41462E-1	3.21000E-5	8.12667E-2	0.00000E+0	0.00000E+0	0.00000E+0
1.70725E-5	1.27603E-1	1.21868E-1	3.21500E-5	8.12655E-2	0.00000E+0	0.00000E+0	0.00000E+0
1.71225E-5	1.27608E-1	1.55385E-1	3.22000E-5	8.12642E-2	0.00000E+0	0.00000E+0	0.00000E+0
1.71725E-5	1.27606E-1	1.45072E-1	3.22500E-5	8.12630E-2	0.00000E+0	0.00000E+0	0.00000E+0
1.72225E-5	1.27606E-1	1.41978E-1	3.23000E-5	8.12619E-2	0.00000E+0	0.00000E+0	0.00000E+0
1.72725E-5	1.27610E-1	1.66729E-1	3.23500E-5	8.12607E-2	0.00000E+0	0.00000E+0	0.00000E+0
1.73225E-5	1.27600E-1	1.05368E-1	3.24000E-5	8.12596E-2	0.00000E+0	0.00000E+0	0.00000E+0
1.73725E-5	1.27609E-1	1.61057E-1	3.24500E-5	8.12585E-2	0.00000E+0	0.00000E+0	0.00000E+0
1.74225E-5	1.27609E-1	1.64151E-1	3.25000E-5	8.12575E-2	0.00000E+0	0.00000E+0	0.00000E+0
1.74725E-5	1.27602E-1	1.18259E-1	3.25500E-5	8.12564E-2	0.00000E+0	0.00000E+0	0.00000E+0
1.75225E-5	1.27608E-1	1.57447E-1	3.26000E-5	8.12554E-2	0.00000E+0	0.00000E+0	0.00000E+0
1.75725E-5	1.27603E-1	1.20837E-1	3.26500E-5	8.12544E-2	0.00000E+0	0.00000E+0	0.00000E+0
1.76225E-5	1.27611E-1	1.79620E-1	3.27000E-5	8.12534E-2	0.00000E+0	0.00000E+0	0.00000E+0
1.76725E-5	1.27608E-1	1.56932E-1	3.27500E-5	8.12524E-2	0.00000E+0	0.00000E+0	0.00000E+0
1.77225E-5	1.27611E-1	1.79620E-1	3.28000E-5	8.12515E-2	0.00000E+0	0.00000E+0	0.00000E+0
1.77725E-5	1.27612E-1	1.85292E-1	3.28500E-5	8.12506E-2	0.00000E+0	0.00000E+0	0.00000E+0
1.78225E-5	1.27608E-1	1.58994E-1	3.29000E-5	8.12497E-2	0.00000E+0	0.00000E+0	0.00000E+0
1.78725E-5	1.27610E-1	1.68791E-1	3.29500E-5	8.12488E-2	0.00000E+0	0.00000E+0	0.00000E+0
1.79225E-5	1.27606E-1	1.43009E-1	3.30000E-5	8.12479E-2	0.00000E+0	0.00000E+0	0.00000E+0
1.79725E-5	1.27598E-1	8.93830E-2	3.30500E-5	8.12471E-2	0.00000E+0	0.00000E+0	0.00000E+0
1.80225E-5	1.27603E-1	1.22899E-1	3.31000E-5	8.12462E-2	0.00000E+0	0.00000E+0	0.00000E+0
1.80725E-5	1.27605E-1	1.38884E-1	3.31500E-5	8.12454E-2	0.00000E+0	0.00000E+0	0.00000E+0
1.81225E-5	1.27605E-1	1.34759E-1	3.32000E-5	8.12446E-2	0.00000E+0	0.00000E+0	0.00000E+0
1.81725E-5	1.27605E-1	1.35275E-1	3.32500E-5	8.12439E-2	0.00000E+0	0.00000E+0	0.00000E+0
1.82225E-5	1.27593E-1	5.79291E-2	3.33000E-5	8.12431E-2	0.00000E+0	0.00000E+0	0.00000E+0
1.82725E-5	1.27614E-1	1.97151E-1	3.33500E-5	8.12424E-2	0.00000E+0	0.00000E+0	0.00000E+0
1.83225E-5	1.27604E-1	1.30118E-1	3.34000E-5	8.12416E-2	0.00000E+0	0.00000E+0	0.00000E+0
1.83725E-5	1.27604E-1	1.27025E-1	3.34500E-5	8.12409E-2	0.00000E+0	0.00000E+0	0.00000E+0
1.84225E-5	1.27604E-1	1.33212E-1	3.35000E-5	8.12402E-2	0.00000E+0	0.00000E+0	0.00000E+0
1.84725E-5	1.27603E-1	1.21353E-1	3.35500E-5	8.12395E-2	0.00000E+0	0.00000E+0	0.00000E+0
1.85225E-5	1.27598E-1	8.78361E-2	3.36000E-5	8.12389E-2	0.00000E+0	0.00000E+0	0.00000E+0
1.85725E-5	1.27601E-1	1.11555E-1	3.36500E-5	8.12382E-2	0.00000E+0	0.00000E+0	0.00000E+0
1.86225E-5	1.27598E-1	8.88674E-2	3.37000E-5	8.12376E-2	0.00000E+0	0.00000E+0	0.00000E+0
1.86725E-5	1.27602E-1	1.19806E-1	3.37500E-5	8.12369E-2	0.00000E+0	0.00000E+0	0.00000E+0
1.87225E-5	1.27601E-1	1.10524E-1	3.38000E-5	8.12363E-2	0.00000E+0	0.00000E+0	0.00000E+0
1.87725E-5	1.27605E-1	1.34244E-1	3.38500E-5	8.12357E-2	0.00000E+0	0.00000E+0	0.00000E+0
1.88225E-5	1.27605E-1	1.39916E-1	3.39000E-5	8.12351E-2	0.00000E+0	0.00000E+0	0.00000E+0
1.88725E-5	1.27606E-1	1.45072E-1	3.39500E-5	8.12345E-2	0.00000E+0	0.00000E+0	0.00000E+0
1.89225E-5	1.27605E-1	1.39400E-1	3.40000E-5	8.12340E-2	0.00000E+0	0.00000E+0	0.00000E+0
1.89725E-5	1.27611E-1	1.73432E-1	3.40500E-5	8.12334E-2	0.00000E+0	0.00000E+0	0.00000E+0
1.90225E-5	1.27603E-1	1.25993E-1	3.41000E-5	8.12329E-2	0.00000E+0	0.00000E+0	0.00000E+0
1.90725E-5	1.27597E-1	8.26797E-2	3.41500E-5	8.12324E-2	0.00000E+0	0.00000E+0	0.00000E+0
1.91225E-5	1.27606E-1	1.40431E-1	3.42000E-5	8.12318E-2	0.00000E+0	0.00000E+0	0.00000E+0
1.91725E-5	1.27596E-1	7.54608E-2	3.42500E-5	8.12313E-2	0.00000E+0	0.00000E+0	0.00000E+0
1.92225E-5	1.27594E-1	6.66949E-2	3.43000E-5	8.12308E-2	0.00000E+0	0.00000E+0	0.00000E+0
1.92725E-5	1.27602E-1	1.15681E-1	3.43500E-5	8.12304E-2	0.00000E+0	0.00000E+0	0.00000E+0
1.93225E-5	1.27595E-1	7.23670E-2	3.44000E-5	8.12299E-2	0.00000E+0	0.00000E+0	0.00000E+0
1.93725E-5	1.27605E-1	1.37337E-1	3.44500E-5	8.12294E-2	0.00000E+0	0.00000E+0	0.00000E+0
1.94225E-5	1.27600E-1	1.04852E-1	3.45000E-5	8.12290E-2	0.00000E+0	0.00000E+0	0.00000E+0
1.94725E-5	1.27602E-1	1.14649E-1	3.45500E-5	8.12285E-2	0.00000E+0	0.00000E+0	0.00000E+0
1.95225E-5	1.27609E-1	1.64666E-1	3.46000E-5	8.12281E-2	0.00000E+0	0.00000E+0	0.00000E+0
1.95725E-5	1.27601E-1	1.13618E-1	3.46500E-5	8.12276E-2	0.00000E+0	0.00000E+0	0.00000E+0
1.96225E-5	1.27598E-1	9.14456E-2	3.47000E-5	8.12272E-2	0.00000E+0	0.00000E+0	0.00000E+0
1.96725E-5	1.27598E-1	9.35081E-2	3.47500E-5	8.12268E-2	0.00000E+0	0.00000E+0	0.00000E+0
1.97225E-5	1.27603E-1	1.21868E-1	3.48000E-5	8.12264E-2	0.00000E+0	0.00000E+0	0.00000E+0
1.97725E-5	1.27602E-1	1.15165E-1	3.48500E-5	8.12260E-2	0.00000E+0	0.00000E+0	0.00000E+0
1.98225E-5	1.27597E-1	8.37110E-2	3.49000E-5	8.12256E-2	0.00000E+0	0.00000E+0	0.00000E+0
1.98725E-5	1.27597E-1	8.31954E-2	3.49500E-5	8.12253E-2	0.00000E+0	0.00000E+0	0.00000E+0
1.99225E-5	1.27602E-1	1.16196E-1	3.50000E-5	8.12249E-2	0.00000E+0	0.00000E+0	0.00000E+0
1.99725E-5	1.27600E-1	1.06399E-1	3.50500E-5	8.12245E-2	0.00000E+0	0.00000E+0	0.00000E+0
2.00225E-5	1.27595E-1	6.97888E-2	3.51000E-5	8.12242E-2	0.00000E+0	0.00000E+0	0.00000E+0
2.00725E-5	1.27603E-1	1.22384E-1	3.51500E-5	8.12238E-2	0.00000E+0	0.00000E+0	0.00000E+0
2.01225E-5	1.27598E-1	8.78361E-2	3.52000E-5	8.12235E-2	0.00000E+0	0.00000E+0	0.00000E+0
2.01725E-5	1.27603E-1	1.21868E-1	3.52500E-5	8.12232E-2	0.00000E+0	0.00000E+0	0.00000E+0
2.02225E-5	1.27601E-1	1.07946E-1	3.53000E-5	8.12228E-2	0.00000E+0	0.00000E+0	0.00000E+0
2.02725E-5	1.27603E-1	1.23415E-1	3.53500E-5	8.12225E-2	0.00000E+0	0.00000E+0	0.00000E+0
2.03225E-5	1.27606E-1	1.40947E-1	3.54000E-5	8.12222E-2	0.00000E+0	0.00000E+0	0.00000E+0
2.03725E-5	1.27590E-1	3.78192E-2	3.54500E-5	8.12219E-2	0.00000E+0	0.00000E+0	0.00000E+0
2.04225E-5	1.27594E-1	6.56637E-2	3.55000E-5	8.12216E-2	0.00000E+0	0.00000E+0	0.00000E+0
2.04725E-5	1.27599E-1	9.40238E-2	3.55500E-5	8.12213E-2	0.00000E+0	0.00000E+0	0.00000E+0
2.05225E-5	1.27602E-1	1.19290E-1	3.56000E-5	8.12210E-2	0.00000E+0	0.00000E+0	0.00000E+0
2.05725E-5	1.27600E-1	1.05368E-1	3.56500E-5	8.12208E-2	0.00000E+0	0.00000E+0	0.00000E+0
2.06225E-5	1.27595E-1	7.23670E-2	3.57000E-5	8.12205E-2	0.00000E+0	0.00000E+0	0.00000E+0
2.06725E-5	1.27603E-1	1.24446E-1	3.57500E-5	8.12202E-2	0.00000E+0	0.00000E+0	0.00000E+0
2.07225E-5	1.27602E-1	1.18259E-1	3.58000E-5	8.12200E-2	0.00000E+0	0.00000E+0	0.00000E+0
2.07725E-5	1.27603E-1	1.20321E-1	3.58500E-5	8.12197E-2	0.00000E+0	0.00000E+0	0.00000E+0
2.08225E-5	1.27596E-1	7.64921E-2	3.59000E-5	8.12194E-2	0.00000E+0	0.00000E+0	0.00000E+0
2.08725E-5	1.27606E-1	1.44556E-1	3.59500E-5	8.12192E-2	0.00000E+0	0.00000E+0	0.00000E+0
2.09225E-5	1.27595E-1	7.39139E-2	3.60000E-5	8.12190E-2	0.00000E+0	0.00000E+0	0.00000E+0
2.09725E-5	1.27593E-1	5.68978E-2	3.60500E-5	8.12187E-2	0.00000E+0	0.00000E+0	0.00000E+0
2.10225E-5	1.27595E-1	6.77262E-2	3.61000E-5	8.12185E-2	0.00000E+0	0.00000E+0	0.00000E+0
2.10725E-5	1.27592E-1	4.86476E-2	3.61500E-5	8.12183E-2	0.00000E+0	0.00000E+0	0.00000E+0
2.11225E-5	1.27590E-1	3.88505E-2	3.62000E-5	8.12180E-2	0.00000E+0	0.00000E+0	0.00000E+0
2.11725E-5	1.27593E-1	5.48353E-2	3.62500E-5	8.12178E-2	0.00000E+0	0.00000E+0	0.00000E+0
2.12225E-5	1.27604E-1	1.31665E-1	3.63000E-5	8.12176E-2	0.00000E+0	0.00000E+0	0.00000E+0
2.12725E-5	1.27601E-1	1.08977E-1	3.63500E-5	8.12174E-2	0.00000E+0	0.00000E+0	0.00000E+0
2.13225E-5	1.27598E-1	9.29925E-2	3.64000E-5	8.12172E-2	0.00000E+0	0.00000E+0	0.00000E+0
2.13725E-5	1.27606E-1	1.46103E-1	3.64500E-5	8.12170E-2	0.00000E+0	0.00000E+0	0.00000E+0
2.14225E-5	1.27602E-1	1.18774E-1	3.65000E-5	8.12168E-2	0.00000E+0	0.00000E+0	0.00000E+0
2.14725E-5	1.27597E-1	8.11328E-2	3.65500E-5	8.12166E-2	0.00000E+0	0.00000E+0	0.00000E+0
2.15225E-5	1.27602E-1	1.15165E-1	3.66000E-5	8.12164E-2	0.00000E+0	0.00000E+0	0.00000E+0
2.15725E-5	1.27601E-1	1.10009E-1	3.66500E-5	8.12163E-2	0.00000E+0	0.00000E+0	0.00000E+0
2.16225E-5	1.27602E-1	1.16712E-1	3.67000E-5	8.12161E-2	0.00000E+0	0.00000E+0	0.00000E+0
2.16725E-5	1.27601E-1	1.11040E-1	3.67500E-5	8.12159E-2	0.00000E+0	0.00000E+0	0.00000E+0
2.17225E-5	1.27603E-1	1.24446E-1	3.68000E-5	8.12157E-2	0.00000E+0	0.00000E+0	0.00000E+0
2.17725E-5	1.27604E-1	1.31150E-1	3.68500E-5	8.12156E-2	0.00000E+0	0.00000E+0	0.00000E+0
2.18225E-5	1.27601E-1	1.10009E-1	3.69000E-5	8.12154E-2	0.00000E+0	0.00000E+0	0.00000E+0
2.18725E-5	1.27599E-1	9.76332E-2	3.69500E-5	8.12152E-2	0.00000E+0	0.00000E+0	0.00000E+0
2.19225E-5	1.27596E-1	7.49451E-2	3.70000E-5	8.12151E-2	0.00000E+0	0.00000E+0	0.00000E+0
2.19725E-5	1.27605E-1	1.35790E-1	3.70500E-5	8.12149E-2	0.00000E+0	0.00000E+0	0.00000E+0
2.20225E-5	1.27598E-1	8.93830E-2	3.71000E-5	8.12148E-2	0.00000E+0	0.00000E+0	0.00000E+0
2.20725E-5	1.27599E-1	9.86645E-2	3.71500E-5	8.12146E-2	0.00000E+0	0.00000E+0	0.00000E+0
2.21225E-5	1.27601E-1	1.10009E-1	3.72000E-5	8.12145E-2	0.00000E+0	0.00000E+0	0.00000E+0
2.21725E-5	1.27597E-1	8.26797E-2	3.72500E-5	8.12144E-2	0.00000E+0	0.00000E+0	0.00000E+0
2.22225E-5	1.27600E-1	1.06399E-1	3.73000E-5	8.12142E-2	0.00000E+0	0.00000E+0	0.00000E+0
2.22725E-5	1.27593E-1	5.58665E-2	3.73500E-5	8.12141E-2	0.00000E+0	0.00000E+0	0.00000E+0
2.23225E-5	1.27598E-1	9.09299E-2	3.74000E-5	8.12139E-2	0.00000E+0	0.00000E+0	0.00000E+0
2.23725E-5	1.27596E-1	7.64921E-2	3.74500E-5	8.12138E-2	0.00000E+0	0.00000E+0	0.00000E+0
2.24225E-5	1.27596E-1	8.01015E-2	3.75000E-5	8.12137E-2	0.00000E+0	0.00000E+0	0.00000E+0
2.24725E-5	1.27602E-1	1.19290E-1	3.75500E-5	8.12136E-2	0.00000E+0	0.00000E+0	0.00000E+0
2.25225E-5	1.27590E-1	3.98817E-2	3.76000E-5	8.12134E-2	0.00000E+0	0.00000E+0	0.00000E+0
2.25725E-5	1.27598E-1	9.09299E-2	3.76500E-5	8.12133E-2	0.00000E+0	0.00000E+0	0.00000E+0
2.26225E-5	1.27604E-1	1.30118E-1	3.77000E-5	8.12132E-2	0.00000E+0	0.00000E+0	0.00000E+0
2.26725E-5	1.27600E-1	1.02790E-1	3.77500E-5	8.12131E-2	0.00000E+0	0.00000E+0	0.00000E+0
2.27225E-5	1.27604E-1	1.27540E-1	3.78000E-5	8.12130E-2	0.00000E+0	0.00000E+0	0.00000E+0
2.27725E-5	1.27603E-1	1.24962E-1	3.78500E-5	8.12129E-2	0.00000E+0	0.00000E+0	0.00000E+0
2.28225E-5	1.27601E-1	1.11040E-1	3.79000E-5	8.12128E-2	0.00000E+0	0.00000E+0	0.00000E+0
2.28725E-5	1.27600E-1	1.04852E-1	3.79500E-5	8.12127E-2	0.00000E+0	0.00000E+0	0.00000E+0
2.29225E-5	1.27598E-1	9.24768E-2	3.80000E-5	8.12126E-2	0.00000E+0	0.00000E+0	0.00000E+0
2.29725E-5	1.27600E-1	1.05883E-1	3.80500E-5	8.12125E-2	0.00000E+0	0.00000E+0	0.00000E+0
2.30225E-5	1.27598E-1	8.83517E-2	3.81000E-5	8.12124E-2	0.00000E+0	0.00000E+0	0.00000E+0
2.30725E-5	1.27605E-1	1.34759E-1	3.81500E-5	8.12123E-2	0.00000E+0	0.00000E+0	0.00000E+0
2.31225E-5	1.27592E-1	5.01945E-2	3.82000E-5	8.12122E-2	0.00000E+0	0.00000E+0	0.00000E+0
2.31725E-5	1.27598E-1	8.78361E-2	3.82500E-5	8.12121E-2	0.00000E+0	0.00000E+0	0.00000E+0
2.32225E-5	1.27595E-1	7.08200E-2	3.83000E-5	8.12120E-2	0.00000E+0	0.00000E+0	0.00000E+0
2.32725E-5	1.27591E-1	4.71007E-2	3.83500E-5	8.12119E-2	0.00000E+0	0.00000E+0	0.00000E+0
2.33225E-5	1.27595E-1	6.87575E-2	3.84000E-5	8.12118E-2	0.00000E+0	0.00000E+0	0.00000E+0
2.33725E-5	1.27592E-1	5.38040E-2	3.84500E-5	8.12117E-2	0.00000E+0	0.00000E+0	0.00000E+0
2.34225E-5	1.27603E-1	1.24962E-1	3.85000E-5	8.12117E-2	0.00000E+0	0.00000E+0	0.00000E+0
2.34725E-5	1.27595E-1	7.33982E-2	3.85500E-5	8.12116E-2	0.00000E+0	0.00000E+0	0.00000E+0
2.35225E-5	1.27599E-1	9.50550E-2	3.86000E-5	8.12115E-2	0.00000E+0	0.00000E+0	0.00000E+0
2.35725E-5	1.27601E-1	1.10524E-1	3.86500E-5	8.12114E-2	0.00000E+0	0.00000E+0	0.00000E+0
2.36225E-5	1.27600E-1	1.02790E-1	3.87000E-5	8.12113E-2	0.00000E+0	0.00000E+0	0.00000E+0
2.36725E-5	1.27600E-1	1.01758E-1	3.87500E-5	8.12113E-2	0.00000E+0	0.00000E+0	0.00000E+0
2.37225E-5	1.27597E-1	8.57735E-2	3.88000E-5	8.12112E-2	0.00000E+0	0.00000E+0	0.00000E+0
2.37725E-5	1.27598E-1	9.04143E-2	3.88500E-5	8.12111E-2	0.00000E+0	0.00000E+0	0.00000E+0
2.38225E-5	1.27590E-1	3.88505E-2	3.89000E-5	8.12110E-2	0.00000E+0	0.00000E+0	0.00000E+0
2.38725E-5	1.27590E-1	4.09130E-2	3.89500E-5	8.12110E-2	0.00000E+0	0.00000E+0	0.00000E+0
2.39225E-5	1.27600E-1	1.03821E-1	3.90000E-5	8.12109E-2	0.00000E+0	0.00000E+0	0.00000E+0
2.39725E-5	1.27594E-1	6.66949E-2	3.90500E-5	8.12108E-2	0.00000E+0	0.00000E+0	0.00000E+0
2.40225E-5	1.27593E-1	5.79291E-2	3.91000E-5	8.12108E-2	0.00000E+0	0.00000E+0	0.00000E+0
2.40725E-5	1.27595E-1	6.82418E-2	3.91500E-5	8.12107E-2	0.00000E+0	0.00000E+0	0.00000E+0
2.41225E-5	1.27594E-1	6.36011E-2	3.92000E-5	8.12107E-2	0.00000E+0	0.00000E+0	0.00000E+0
2.41725E-5	1.27591E-1	4.55538E-2	3.92500E-5	8.12106E-2	0.00000E+0	0.00000E+0	0.00000E+0
2.42225E-5	1.27592E-1	5.32883E-2	3.93000E-5	8.12105E-2	0.00000E+0	0.00000E+0	0.00000E+0
2.42725E-5	1.27597E-1	8.52579E-2	3.93500E-5	8.12105E-2	0.00000E+0	0.00000E+0	0.00000E+0
2.43225E-5	1.27596E-1	7.59764E-2	3.94000E-5	8.12104E-2	0.00000E+0	0.00000E+0	0.00000E+0
2.43725E-5	1.27598E-1	9.29925E-2	3.94500E-5	8.12104E-2	0.00000E+0	0.00000E+0	0.00000E+0
2.44225E-5	1.27598E-1	8.93830E-2	3.95000E-5	8.12103E-2	0.00000E+0	0.00000E+0	0.00000E+0
2.44725E-5	1.27595E-1	6.82418E-2	3.95500E-5	8.12103E-2	0.00000E+0	0.00000E+0	0.00000E+0
2.45225E-5	1.27599E-1	9.40238E-2	3.96000E-5	8.12102E-2	0.00000E+0	0.00000E+0	0.00000E+0
2.45725E-5	1.27595E-1	7.39139E-2	3.96500E-5	8.12102E-2	0.00000E+0	0.00000E+0	0.00000E+0
2.46225E-5	1.27596E-1	7.59764E-2	3.97000E-5	8.12101E-2	0.00000E+0	0.00000E+0	0.00000E+0
2.46725E-5	1.27602E-1	1.18774E-1	3.97500E-5	8.12101E-2	0.00000E+0	0.00000E+0	0.00000E+0
2.47225E-5	1.27598E-1	8.83517E-2	3.98000E-5	8.12100E-2	0.00000E+0	0.00000E+0	0.00000E+0
2.47725E-5	1.27593E-1	5.48353E-2	3.98500E-5	8.12100E-2	0.00000E+0	0.00000E+0	0.00000E+0
2.48225E-5	1.27601E-1	1.12071E-1	3.99000E-5	8.12099E-2	0.00000E+0	0.00000E+0	0.00000E+0
2.48725E-5	1.27599E-1	9.55707E-2	3.99500E-5	8.12099E-2	0.00000E+0	0.00000E+0	0.00000E+0
2.49225E-5	1.27605E-1	1.38369E-1	4.00000E-5	8.12098E-2	0.00000E+0	0.00000E+0	0.00000E+0
2.49725E-5	1.27603E-1	1.23415E-1	4.00500E-5	8.12098E-2	0.00000E+0	0.00000E+0	0.00000E+0
2.50225E-5	1.27606E-1	1.44556E-1	4.01000E-5	8.12098E-2	0.00000E+0	0.00000E+0	0.00000E+0
2.50725E-5	1.27595E-1	7.13357E-2	4.01500E-5	8.12097E-2	0.00000E+0	0.00000E+0	0.00000E+0
2.51225E-5	1.27599E-1	9.66019E-2	4.02000E-5	8.12097E-2	0.00000E+0	0.00000E+0	0.00000E+0
2.51725E-5	1.27594E-1	6.15385E-2	4.02500E-5	8.12096E-2	0.00000E+0	0.00000E+0	0.00000E+0
2.52225E-5	1.27596E-1	7.64921E-2	4.03000E-5	8.12096E-2	0.00000E+0	0.00000E+0	0.00000E+0
2.52725E-5	1.27600E-1	1.00727E-1	4.03500E-5	8.12096E-2	0.00000E+0	0.00000E+0	0.00000E+0
2.53225E-5	1.27592E-1	4.96789E-2	4.04000E-5	8.12095E-2	0.00000E+0	0.00000E+0	0.00000E+0
2.53725E-5	1.27591E-1	4.71007E-2	4.04500E-5	8.12095E-2	0.00000E+0	0.00000E+0	0.00000E+0
2.54225E-5	1.27600E-1	1.03821E-1	4.05000E-5	8.12095E-2	0.00000E+0	0.00000E+0	0.00000E+0
2.54725E-5	1.27593E-1	5.48353E-2	4.05500E-5	8.12094E-2	0.00000E+0	0.00000E+0	0.00000E+0
2.55225E-5	1.27597E-1	8.16484E-2	4.06000E-5	8.12094E-2	0.00000E+0	0.00000E+0	0.00000E+0
2.55725E-5	1.27583E-1	-1.01352E-2	4.06500E-5	8.12093E-2	0.00000E+0	0.00000E+0	0.00000E+0
2.56225E-5	1.27598E-1	9.14456E-2	4.07000E-5	8.12093E-2	0.00000E+0	0.00000E+0	0.00000E+0
2.56725E-5	1.27593E-1	5.48353E-2	4.07500E-5	8.12093E-2	0.00000E+0	0.00000E+0	0.00000E+0
2.57225E-5	1.27594E-1	6.36011E-2	4.08000E-5	8.12093E-2	0.00000E+0	0.00000E+0	0.00000E+0
2.57725E-5	1.27595E-1	7.39139E-2	4.08500E-5	8.12092E-2	0.00000E+0	0.00000E+0	0.00000E+0
2.58225E-5	1.27594E-1	6.20542E-2	4.09000E-5	8.12092E-2	0.00000E+0	0.00000E+0	0.00000E+0
2.58725E-5	1.27595E-1	6.97888E-2	4.09500E-5	8.12092E-2	0.00000E+0	0.00000E+0	0.00000E+0
2.59225E-5	1.27593E-1	5.99916E-2	4.10000E-5	8.12091E-2	0.00000E+0	0.00000E+0	0.00000E+0
2.59725E-5	1.27595E-1	7.28826E-2	4.10500E-5	8.12091E-2	0.00000E+0	0.00000E+0	0.00000E+0
2.60225E-5	1.27600E-1	1.02274E-1	4.11000E-5	8.12091E-2	0.00000E+0	0.00000E+0	0.00000E+0
2.60725E-5	1.27603E-1	1.23415E-1	4.11500E-5	8.12091E-2	0.00000E+0	0.00000E+0	0.00000E+0
2.61225E-5	1.27592E-1	4.91632E-2	4.12000E-5	8.12090E-2	0.00000E+0	0.00000E+0	0.00000E+0
2.61725E-5	1.27593E-1	5.48353E-2	4.12500E-5	8.12090E-2	0.00000E+0	0.00000E+0	0.00000E+0
2.62225E-5	1.27593E-1	5.84447E-2	4.13000E-5	8.12090E-2	0.00000E+0	0.00000E+0	0.00000E+0
2.62725E-5	1.27596E-1	7.85546E-2	4.13500E-5	8.12090E-2	0.00000E+0	0.00000E+0	0.00000E+0
2.63225E-5	1.27596E-1	7.95859E-2	4.14000E-5	8.12089E-2	0.00000E+0	0.00000E+0	0.00000E+0
2.63725E-5	1.27598E-1	9.35081E-2	4.14500E-5	8.12089E-2	0.00000E+0	0.00000E+0	0.00000E+0
2.64225E-5	1.27596E-1	7.75233E-2	4.15000E-5	8.12089E-2	0.00000E+0	0.00000E+0	0.00000E+0
2.64725E-5	1.27595E-1	6.82418E-2	4.15500E-5	8.12089E-2	0.00000E+0	0.00000E+0	0.00000E+0
2.65225E-5	1.27601E-1	1.10009E-1	4.16000E-5	8.12088E-2	0.00000E+0	0.00000E+0	0.00000E+0
2.65725E-5	1.27600E-1	1.03821E-1	4.16500E-5	8.12088E-2	0.00000E+0	0.00000E+0	0.00000E+0
2.66225E-5	1.27601E-1	1.08462E-1	4.17000E-5	8.12088E-2	0.00000E+0	0.00000E+0	0.00000E+0
2.66725E-5	1.27592E-1	5.17414E-2	4.17500E-5	8.12088E-2	0.00000E+0	0.00000E+0	0.00000E+0
2.67225E-5	1.27589E-1	2.85377E-2	4.18000E-5	8.12088E-2	0.00000E+0	0.00000E+0	0.00000E+0
2.67725E-5	1.27598E-1	8.83517E-2	4.18500E-5	8.12087E-2	0.00000E+0	0.00000E+0	0.00000E+0
2.68225E-5	1.27590E-1	4.03974E-2	4.19000E-5	8.12087E-2	0.00000E+0	0.00000E+0	0.00000E+0
2.68725E-5	1.27594E-1	6.72106E-2	4.19500E-5	8.12087E-2	0.00000E+0	0.00000E+0	0.00000E+0
2.69225E-5	1.27588E-1	2.54439E-2	4.20000E-5	8.12087E-2	0.00000E+0	0.00000E+0	0.00000E+0
2.69725E-5	1.27596E-1	7.80390E-2	4.20500E-5	8.12087E-2	0.00000E+0	0.00000E+0	0.00000E+0
2.70225E-5	1.27600E-1	1.02790E-1	4.21000E-5	8.12086E-2	0.00000E+0	0.00000E+0	0.00000E+0
2.70725E-5	1.27598E-1	8.93830E-2	4.21500E-5	8.12086E-2	0.00000E+0	0.00000E+0	0.00000E+0
2.71225E-5	1.27593E-1	5.79291E-2	4.22000E-5	8.12086E-2	0.00000E+0	0.00000E+0	0.00000E+0
2.71725E-5	1.27598E-1	9.24768E-2	4.22500E-5	8.12086E-2	0.00000E+0	0.00000E+0	0.00000E+0
2.72225E-5	1.27590E-1	3.78192E-2	4.23000E-5	8.12086E-2	0.00000E+0	0.00000E+0	0.00000E+0
2.72725E-5	1.27597E-1	8.47423E-2	4.23500E-5	8.12086E-2	0.00000E+0	0.00000E+0	0.00000E+0
2.73225E-5	1.27597E-1	8.68048E-2	4.24000E-5	8.12085E-2	0.00000E+0	0.00000E+0	0.00000E+0
2.73725E-5	1.27592E-1	5.07101E-2	4.24500E-5	8.12085E-2	0.00000E+0	0.00000E+0	0.00000E+0
2.74225E-5	1.27588E-1	2.33813E-2	4.25000E-5	8.12085E-2	0.00000E+0	0.00000E+0	0.00000E+0
2.74725E-5	1.27592E-1	5.27727E-2	4.25500E-5	8.12085E-2	0.00000E+0	0.00000E+0	0.00000E+0
2.75225E-5	1.27600E-1	1.05883E-1	4.26000E-5	8.12085E-2	0.00000E+0	0.00000E+0	0.00000E+0
2.75725E-5	1.27596E-1	8.06172E-2	4.26500E-5	8.12085E-2	0.00000E+0	0.00000E+0	0.00000E+0
2.76225E-5	1.27594E-1	6.61793E-2	4.27000E-5	8.12085E-2	0.00000E+0	0.00000E+0	0.00000E+0
2.76725E-5	1.27600E-1	1.06399E-1	4.27500E-5	8.12084E-2	0.00000E+0	0.00000E+0	0.00000E+0
2.77225E-5	1.27597E-1	8.68048E-2	4.28000E-5	8.12084E-2	0.00000E+0	0.00000E+0	0.00000E+0
2.77725E-5	1.27596E-1	7.44295E-2	4.28500E-5	8.12084E-2	0.00000E+0	0.00000E+0	0.00000E+0
2.78225E-5	1.27597E-1	8.16484E-2	4.29000E-5	8.12084E-2	0.00000E+0	0.00000E+0	0.00000E+0
2.78725E-5	1.27601E-1	1.07946E-1	4.29500E-5	8.12084E-2	0.00000E+0	0.00000E+0	0.00000E+0
2.79225E-5	1.27595E-1	7.18513E-2	4.30000E-5	8.12084E-2	0.00000E+0	0.00000E+0	0.00000E+0
2.79725E-5	1.27601E-1	1.12071E-1	4.30500E-5	8.12084E-2	0.00000E+0	0.00000E+0	0.00000E+0
2.80225E-5	1.27599E-1	9.40238E-2	4.31000E-5	8.12084E-2	0.00000E+0	0.00000E+0	0.00000E+0
2.80725E-5	1.27602E-1	1.14134E-1	4.31500E-5	8.12083E-2	0.00000E+0	0.00000E+0	0.00000E+0
2.81225E-5	1.27590E-1	3.67879E-2	4.32000E-5	8.12083E-2	0.00000E+0	0.00000E+0	0.00000E+0
2.81725E-5	1.27584E-1	-2.40058E-3	4.32500E-5	8.12083E-2	0.00000E+0	0.00000E+0	0.00000E+0
2.82225E-5	1.27597E-1	8.62892E-2	4.33000E-5	8.12083E-2	0.00000E+0	0.00000E+0	0.00000E+0
2.82725E-5	1.27596E-1	7.54608E-2	4.33500E-5	8.12083E-2	0.00000E+0	0.00000E+0	0.00000E+0
2.83225E-5	1.27595E-1	6.97888E-2	4.34000E-5	8.12083E-2	0.00000E+0	0.00000E+0	0.00000E+0
2.83725E-5	1.27603E-1	1.20837E-1	4.34500E-5	8.12083E-2	0.00000E+0	0.00000E+0	0.00000E+0
2.84225E-5	1.27599E-1	9.96958E-2	4.35000E-5	8.12083E-2	0.00000E+0	0.00000E+0	0.00000E+0
2.84725E-5	1.27595E-1	7.08200E-2	4.35500E-5	8.12083E-2	0.00000E+0	0.00000E+0	0.00000E+0
2.85225E-5	1.27594E-1	6.61793E-2	4.36000E-5	8.12083E-2	0.00000E+0	0.00000E+0	0.00000E+0
2.85725E-5	1.27593E-1	5.74134E-2	4.36500E-5	8.12082E-2	0.00000E+0	0.00000E+0	0.00000E+0
2.86225E-5	1.27592E-1	5.12258E-2	4.37000E-5	8.12082E-2	0.00000E+0	0.00000E+0	0.00000E+0
2.86725E-5	1.27604E-1	1.30118E-1	4.37500E-5	8.12082E-2	0.00000E+0	0.00000E+0	0.00000E+0
2.87225E-5	1.27599E-1	9.66019E-2	4.38000E-5	8.12082E-2	0.00000E+0	0.00000E+0	0.00000E+0
2.87725E-5	1.27603E-1	1.25993E-1	4.38500E-5	8.12082E-2	0.00000E+0	0.00000E+0	0.00000E+0
2.88225E-5	1.27600E-1	1.02274E-1	4.39000E-5	8.12082E-2	0.00000E+0	0.00000E+0	0.00000E+0
2.88725E-5	1.27588E-1	2.18344E-2	4.39500E-5	8.12082E-2	0.00000E+0	0.00000E+0	0.00000E+0
2.89225E-5	1.27595E-1	6.87575E-2	4.40000E-5	8.12082E-2	0.00000E+0	0.00000E+0	0.00000E+0
2.89725E-5	1.27594E-1	6.25698E-2	4.40500E-5	8.12082E-2	0.00000E+0	0.00000E+0	0.00000E+0
2.90225E-5	1.27587E-1	1.92562E-2	4.41000E-5	8.12082E-2	0.00000E+0	0.00000E+0	0.00000E+0
2.90725E-5	1.27596E-1	7.59764E-2	4.41500E-5	8.12082E-2	0.00000E+0	0.00000E+0	0.00000E+0
2.91225E-5	1.27598E-1	8.73205E-2	4.42000E-5	8.12082E-2	0.00000E+0	0.00000E+0	0.00000E+0
2.91725E-5	1.27594E-1	6.25698E-2	4.42500E-5	8.12081E-2	0.00000E+0	0.00000E+0	0.00000E+0
2.92225E-5	1.27603E-1	1.23415E-1	4.43000E-5	8.12081E-2	0.00000E+0	0.00000E+0	0.00000E+0
2.92725E-5	1.27601E-1	1.10524E-1	4.43500E-5	8.12081E-2	0.00000E+0	0.00000E+0	0.00000E+0
2.93225E-5	1.27595E-1	6.77262E-2	4.44000E-5	8.12081E-2	0.00000E+0	0.00000E+0	0.00000E+0
2.93725E-5	1.27599E-1	9.81489E-2	4.44500E-5	8.12081E-2	0.00000E+0	0.00000E+0	0.00000E+0
2.94225E-5	1.27594E-1	6.46324E-2	4.45000E-5	8.12081E-2	0.00000E+0	0.00000E+0	0.00000E+0
2.94725E-5	1.27591E-1	4.19443E-2	4.45500E-5	8.12081E-2	0.00000E+0	0.00000E+0	0.00000E+0
2.95225E-5	1.27591E-1	4.76163E-2	4.46000E-5	8.12081E-2	0.00000E+0	0.00000E+0	0.00000E+0
2.95725E-5	1.27587E-1	2.02875E-2	4.46500E-5	8.12081E-2	0.00000E+0	0.00000E+0	0.00000E+0
2.96225E-5	1.27600E-1	1.03305E-1	4.47000E-5	8.12081E-2	0.00000E+0	0.00000E+0	0.00000E+0
2.96725E-5	1.27601E-1	1.13102E-1	4.47500E-5	8.12081E-2	0.00000E+0	0.00000E+0	0.00000E+0
2.97225E-5	1.27603E-1	1.22384E-1	4.48000E-5	8.12081E-2	0.00000E+0	0.00000E+0	0.00000E+0
2.97725E-5	1.27593E-1	5.53509E-2	4.48500E-5	8.12081E-2	0.00000E+0	0.00000E+0	0.00000E+0
2.98225E-5	1.27597E-1	8.42266E-2	4.49000E-5	8.12081E-2	0.00000E+0	0.00000E+0	0.00000E+0
2.98725E-5	1.27592E-1	5.38040E-2	4.49500E-5	8.12081E-2	0.00000E+0	0.00000E+0	0.00000E+0
2.99225E-5	1.27600E-1	1.05368E-1	4.50000E-5	8.12081E-2	0.00000E+0	0.00000E+0	0.00000E+0
2.99725E-5	1.27592E-1	5.12258E-2	4.50500E-5	0.00000E+0	0.00000E+0	0.00000E+0	0.00000E+0
3.00225E-5	1.27593E-1	5.79291E-2	0.00000E+0	0.00000E+0	0.00000E+0	0.00000E+0	0.00000E+0
3.00725E-5	1.27593E-1	5.68978E-2	0.00000E+0	0.00000E+0	0.00000E+0	0.00000E+0	0.00000E+0
3.01225E-5	1.27599E-1	9.55707E-2	0.00000E+0	0.00000E+0	0.00000E+0	0.00000E+0	0.00000E+0
3.01725E-5	1.27592E-1	5.07101E-2	0.00000E+0	0.00000E+0	0.00000E+0	0.00000E+0	0.00000E+0
3.02225E-5	1.27599E-1	9.91801E-2	0.00000E+0	0.00000E+0	0.00000E+0	0.00000E+0	0.00000E+0
3.02725E-5	1.27598E-1	9.24768E-2	0.00000E+0	0.00000E+0	0.00000E+0	0.00000E+0	0.00000E+0
3.03225E-5	1.27595E-1	6.97888E-2	0.00000E+0	0.00000E+0	0.00000E+0	0.00000E+0	0.00000E+0
3.03725E-5	1.27596E-1	7.49451E-2	0.00000E+0	0.00000E+0	0.00000E+0	0.00000E+0	0.00000E+0
3.04225E-5	1.27591E-1	4.19443E-2	0.00000E+0	0.00000E+0	0.00000E+0	0.00000E+0	0.00000E+0
3.04725E-5	1.27604E-1	1.28056E-1	0.00000E+0	0.00000E+0	0.00000E+0	0.00000E+0	0.00000E+0
3.05225E-5	1.27598E-1	9.19612E-2	0.00000E+0	0.00000E+0	0.00000E+0	0.00000E+0	0.00000E+0
3.05725E-5	1.27596E-1	7.64921E-2	0.00000E+0	0.00000E+0	0.00000E+0	0.00000E+0	0.00000E+0
3.06225E-5	1.27593E-1	5.68978E-2	0.00000E+0	0.00000E+0	0.00000E+0	0.00000E+0	0.00000E+0
3.06725E-5	1.27606E-1	1.42494E-1	0.00000E+0	0.00000E+0	0.00000E+0	0.00000E+0	0.00000E+0
3.07225E-5	1.27593E-1	5.84447E-2	0.00000E+0	0.00000E+0	0.00000E+0	0.00000E+0	0.00000E+0
3.07725E-5	1.27594E-1	6.41167E-2	0.00000E+0	0.00000E+0	0.00000E+0	0.00000E+0	0.00000E+0
3.08225E-5	1.27595E-1	7.39139E-2	0.00000E+0	0.00000E+0	0.00000E+0	0.00000E+0	0.00000E+0
3.08725E-5	1.27596E-1	7.90702E-2	0.00000E+0	0.00000E+0	0.00000E+0	0.00000E+0	0.00000E+0
3.09225E-5	1.27596E-1	8.06172E-2	0.00000E+0	0.00000E+0	0.00000E+0	0.00000E+0	0.00000E+0
3.09725E-5	1.27595E-1	7.03044E-2	0.00000E+0	0.00000E+0	0.00000E+0	0.00000E+0	0.00000E+0
3.10225E-5	1.27599E-1	9.76332E-2	0.00000E+0	0.00000E+0	0.00000E+0	0.00000E+0	0.00000E+0
3.10725E-5	1.27595E-1	7.33982E-2	0.00000E+0	0.00000E+0	0.00000E+0	0.00000E+0	0.00000E+0
3.11225E-5	1.27598E-1	9.29925E-2	0.00000E+0	0.00000E+0	0.00000E+0	0.00000E+0	0.00000E+0
3.11725E-5	1.27589E-1	3.16315E-2	0.00000E+0	0.00000E+0	0.00000E+0	0.00000E+0	0.00000E+0
3.12225E-5	1.27600E-1	1.02790E-1	0.00000E+0	0.00000E+0	0.00000E+0	0.00000E+0	0.00000E+0
3.12725E-5	1.27596E-1	7.64921E-2	0.00000E+0	0.00000E+0	0.00000E+0	0.00000E+0	0.00000E+0
3.13225E-5	1.27595E-1	7.33982E-2	0.00000E+0	0.00000E+0	0.00000E+0	0.00000E+0	0.00000E+0
3.13725E-5	1.27595E-1	7.08200E-2	0.00000E+0	0.00000E+0	0.00000E+0	0.00000E+0	0.00000E+0
3.14225E-5	1.27589E-1	3.11159E-2	0.00000E+0	0.00000E+0	0.00000E+0	0.00000E+0	0.00000E+0
3.14725E-5	1.27594E-1	6.66949E-2	0.00000E+0	0.00000E+0	0.00000E+0	0.00000E+0	0.00000E+0
3.15225E-5	1.27587E-1	1.77093E-2	0.00000E+0	0.00000E+0	0.00000E+0	0.00000E+0	0.00000E+0
3.15725E-5	1.27593E-1	6.05073E-2	0.00000E+0	0.00000E+0	0.00000E+0	0.00000E+0	0.00000E+0
3.16225E-5	1.27589E-1	3.16315E-2	0.00000E+0	0.00000E+0	0.00000E+0	0.00000E+0	0.00000E+0
3.16725E-5	1.27598E-1	8.88674E-2	0.00000E+0	0.00000E+0	0.00000E+0	0.00000E+0	0.00000E+0
3.17225E-5	1.27596E-1	8.06172E-2	0.00000E+0	0.00000E+0	0.00000E+0	0.00000E+0	0.00000E+0
3.17725E-5	1.27593E-1	5.99916E-2	0.00000E+0	0.00000E+0	0.00000E+0	0.00000E+0	0.00000E+0
3.18225E-5	1.27586E-1	8.42782E-3	0.00000E+0	0.00000E+0	0.00000E+0	0.00000E+0	0.00000E+0
3.18725E-5	1.27594E-1	6.30855E-2	0.00000E+0	0.00000E+0	0.00000E+0	0.00000E+0	0.00000E+0
3.19225E-5	1.27586E-1	1.40998E-2	0.00000E+0	0.00000E+0	0.00000E+0	0.00000E+0	0.00000E+0
3.19725E-5	1.27586E-1	9.45910E-3	0.00000E+0	0.00000E+0	0.00000E+0	0.00000E+0	0.00000E+0
3.20225E-5	1.27584E-1	6.93247E-4	0.00000E+0	0.00000E+0	0.00000E+0	0.00000E+0	0.00000E+0
3.20725E-5	1.27594E-1	6.51480E-2	0.00000E+0	0.00000E+0	0.00000E+0	0.00000E+0	0.00000E+0
3.21225E-5	1.27592E-1	5.07101E-2	0.00000E+0	0.00000E+0	0.00000E+0	0.00000E+0	0.00000E+0
3.21725E-5	1.27603E-1	1.21353E-1	0.00000E+0	0.00000E+0	0.00000E+0	0.00000E+0	0.00000E+0
3.22225E-5	1.27588E-1	2.44126E-2	0.00000E+0	0.00000E+0	0.00000E+0	0.00000E+0	0.00000E+0
3.22725E-5	1.27589E-1	3.26628E-2	0.00000E+0	0.00000E+0	0.00000E+0	0.00000E+0	0.00000E+0
3.23225E-5	1.27601E-1	1.08977E-1	0.00000E+0	0.00000E+0	0.00000E+0	0.00000E+0	0.00000E+0
3.23725E-5	1.27593E-1	5.48353E-2	0.00000E+0	0.00000E+0	0.00000E+0	0.00000E+0	0.00000E+0
3.24225E-5	1.27600E-1	1.02274E-1	0.00000E+0	0.00000E+0	0.00000E+0	0.00000E+0	0.00000E+0
3.24725E-5	1.27598E-1	8.73205E-2	0.00000E+0	0.00000E+0	0.00000E+0	0.00000E+0	0.00000E+0
3.25225E-5	1.27601E-1	1.11040E-1	0.00000E+0	0.00000E+0	0.00000E+0	0.00000E+0	0.00000E+0
3.25725E-5	1.27597E-1	8.11328E-2	0.00000E+0	0.00000E+0	0.00000E+0	0.00000E+0	0.00000E+0
3.26225E-5	1.27588E-1	2.64752E-2	0.00000E+0	0.00000E+0	0.00000E+0	0.00000E+0	0.00000E+0
3.26725E-5	1.27593E-1	5.94760E-2	0.00000E+0	0.00000E+0	0.00000E+0	0.00000E+0	0.00000E+0
3.27225E-5	1.27582E-1	-1.21977E-2	0.00000E+0	0.00000E+0	0.00000E+0	0.00000E+0	0.00000E+0
3.27725E-5	1.27591E-1	4.76163E-2	0.00000E+0	0.00000E+0	0.00000E+0	0.00000E+0	0.00000E+0
3.28225E-5	1.27584E-1	-1.88494E-3	0.00000E+0	0.00000E+0	0.00000E+0	0.00000E+0	0.00000E+0
3.28725E-5	1.27591E-1	4.76163E-2	0.00000E+0	0.00000E+0	0.00000E+0	0.00000E+0	0.00000E+0
3.29225E-5	1.27593E-1	5.89604E-2	0.00000E+0	0.00000E+0	0.00000E+0	0.00000E+0	0.00000E+0
3.29725E-5	1.27590E-1	3.98817E-2	0.00000E+0	0.00000E+0	0.00000E+0	0.00000E+0	0.00000E+0
3.30225E-5	1.27602E-1	1.18259E-1	0.00000E+0	0.00000E+0	0.00000E+0	0.00000E+0	0.00000E+0
3.30725E-5	1.27595E-1	7.28826E-2	0.00000E+0	0.00000E+0	0.00000E+0	0.00000E+0	0.00000E+0
3.31225E-5	1.27589E-1	3.21472E-2	0.00000E+0	0.00000E+0	0.00000E+0	0.00000E+0	0.00000E+0
3.31725E-5	1.27591E-1	4.55538E-2	0.00000E+0	0.00000E+0	0.00000E+0	0.00000E+0	0.00000E+0
3.32225E-5	1.27593E-1	5.79291E-2	0.00000E+0	0.00000E+0	0.00000E+0	0.00000E+0	0.00000E+0
3.32725E-5	1.27586E-1	1.35842E-2	0.00000E+0	0.00000E+0	0.00000E+0	0.00000E+0	0.00000E+0
3.33225E-5	1.27593E-1	5.68978E-2	0.00000E+0	0.00000E+0	0.00000E+0	0.00000E+0	0.00000E+0
3.33725E-5	1.27588E-1	2.75064E-2	0.00000E+0	0.00000E+0	0.00000E+0	0.00000E+0	0.00000E+0
3.34225E-5	1.27591E-1	4.76163E-2	0.00000E+0	0.00000E+0	0.00000E+0	0.00000E+0	0.00000E+0
3.34725E-5	1.27587E-1	1.87406E-2	0.00000E+0	0.00000E+0	0.00000E+0	0.00000E+0	0.00000E+0
3.35225E-5	1.27588E-1	2.44126E-2	0.00000E+0	0.00000E+0	0.00000E+0	0.00000E+0	0.00000E+0
3.35725E-5	1.27589E-1	3.36941E-2	0.00000E+0	0.00000E+0	0.00000E+0	0.00000E+0	0.00000E+0
3.36225E-5	1.27599E-1	9.66019E-2	0.00000E+0	0.00000E+0	0.00000E+0	0.00000E+0	0.00000E+0
3.36725E-5	1.27591E-1	4.50381E-2	0.00000E+0	0.00000E+0	0.00000E+0	0.00000E+0	0.00000E+0
3.37225E-5	1.27591E-1	4.19443E-2	0.00000E+0	0.00000E+0	0.00000E+0	0.00000E+0	0.00000E+0
3.37725E-5	1.27596E-1	7.49451E-2	0.00000E+0	0.00000E+0	0.00000E+0	0.00000E+0	0.00000E+0
3.38225E-5	1.27595E-1	7.13357E-2	0.00000E+0	0.00000E+0	0.00000E+0	0.00000E+0	0.00000E+0
3.38725E-5	1.27590E-1	4.03974E-2	0.00000E+0	0.00000E+0	0.00000E+0	0.00000E+0	0.00000E+0
3.39225E-5	1.27595E-1	6.87575E-2	0.00000E+0	0.00000E+0	0.00000E+0	0.00000E+0	0.00000E+0
3.39725E-5	1.27591E-1	4.76163E-2	0.00000E+0	0.00000E+0	0.00000E+0	0.00000E+0	0.00000E+0
3.40225E-5	1.27585E-1	4.81835E-3	0.00000E+0	0.00000E+0	0.00000E+0	0.00000E+0	0.00000E+0
3.40725E-5	1.27590E-1	3.52410E-2	0.00000E+0	0.00000E+0	0.00000E+0	0.00000E+0	0.00000E+0
3.41225E-5	1.27591E-1	4.24599E-2	0.00000E+0	0.00000E+0	0.00000E+0	0.00000E+0	0.00000E+0
3.41725E-5	1.27585E-1	7.91218E-3	0.00000E+0	0.00000E+0	0.00000E+0	0.00000E+0	0.00000E+0
3.42225E-5	1.27592E-1	5.01945E-2	0.00000E+0	0.00000E+0	0.00000E+0	0.00000E+0	0.00000E+0
3.42725E-5	1.27585E-1	3.27144E-3	0.00000E+0	0.00000E+0	0.00000E+0	0.00000E+0	0.00000E+0
3.43225E-5	1.27594E-1	6.46324E-2	0.00000E+0	0.00000E+0	0.00000E+0	0.00000E+0	0.00000E+0
3.43725E-5	1.27594E-1	6.25698E-2	0.00000E+0	0.00000E+0	0.00000E+0	0.00000E+0	0.00000E+0
3.44225E-5	1.27586E-1	1.04904E-2	0.00000E+0	0.00000E+0	0.00000E+0	0.00000E+0	0.00000E+0
3.44725E-5	1.27588E-1	2.59595E-2	0.00000E+0	0.00000E+0	0.00000E+0	0.00000E+0	0.00000E+0
3.45225E-5	1.27594E-1	6.66949E-2	0.00000E+0	0.00000E+0	0.00000E+0	0.00000E+0	0.00000E+0
3.45725E-5	1.27590E-1	3.67879E-2	0.00000E+0	0.00000E+0	0.00000E+0	0.00000E+0	0.00000E+0
3.46225E-5	1.27588E-1	2.49282E-2	0.00000E+0	0.00000E+0	0.00000E+0	0.00000E+0	0.00000E+0
3.46725E-5	1.27590E-1	3.88505E-2	0.00000E+0	0.00000E+0	0.00000E+0	0.00000E+0	0.00000E+0
3.47225E-5	1.27597E-1	8.11328E-2	0.00000E+0	0.00000E+0	0.00000E+0	0.00000E+0	0.00000E+0
3.47725E-5	1.27589E-1	3.36941E-2	0.00000E+0	0.00000E+0	0.00000E+0	0.00000E+0	0.00000E+0
3.48225E-5	1.27592E-1	5.43196E-2	0.00000E+0	0.00000E+0	0.00000E+0	0.00000E+0	0.00000E+0
3.48725E-5	1.27585E-1	5.33399E-3	0.00000E+0	0.00000E+0	0.00000E+0	0.00000E+0	0.00000E+0
3.49225E-5	1.27598E-1	8.88674E-2	0.00000E+0	0.00000E+0	0.00000E+0	0.00000E+0	0.00000E+0
3.49725E-5	1.27593E-1	5.58665E-2	0.00000E+0	0.00000E+0	0.00000E+0	0.00000E+0	0.00000E+0
3.50225E-5	1.27589E-1	3.26628E-2	0.00000E+0	0.00000E+0	0.00000E+0	0.00000E+0	0.00000E+0
3.50725E-5	1.27592E-1	5.43196E-2	0.00000E+0	0.00000E+0	0.00000E+0	0.00000E+0	0.00000E+0
3.51225E-5	1.27590E-1	3.83348E-2	0.00000E+0	0.00000E+0	0.00000E+0	0.00000E+0	0.00000E+0
3.51725E-5	1.27592E-1	4.96789E-2	0.00000E+0	0.00000E+0	0.00000E+0	0.00000E+0	0.00000E+0
3.52225E-5	1.27596E-1	7.54608E-2	0.00000E+0	0.00000E+0	0.00000E+0	0.00000E+0	0.00000E+0
3.52725E-5	1.27589E-1	3.11159E-2	0.00000E+0	0.00000E+0	0.00000E+0	0.00000E+0	0.00000E+0
3.53225E-5	1.27595E-1	7.28826E-2	0.00000E+0	0.00000E+0	0.00000E+0	0.00000E+0	0.00000E+0
3.53725E-5	1.27592E-1	4.91632E-2	0.00000E+0	0.00000E+0	0.00000E+0	0.00000E+0	0.00000E+0
3.54225E-5	1.27593E-1	6.05073E-2	0.00000E+0	0.00000E+0	0.00000E+0	0.00000E+0	0.00000E+0
3.54725E-5	1.27590E-1	3.47254E-2	0.00000E+0	0.00000E+0	0.00000E+0	0.00000E+0	0.00000E+0
3.55225E-5	1.27591E-1	4.40069E-2	0.00000E+0	0.00000E+0	0.00000E+0	0.00000E+0	0.00000E+0
3.55725E-5	1.27594E-1	6.72106E-2	0.00000E+0	0.00000E+0	0.00000E+0	0.00000E+0	0.00000E+0
3.56225E-5	1.27589E-1	3.00846E-2	0.00000E+0	0.00000E+0	0.00000E+0	0.00000E+0	0.00000E+0
3.56725E-5	1.27584E-1	1.77609E-4	0.00000E+0	0.00000E+0	0.00000E+0	0.00000E+0	0.00000E+0
3.57225E-5	1.27592E-1	4.91632E-2	0.00000E+0	0.00000E+0	0.00000E+0	0.00000E+0	0.00000E+0
3.57725E-5	1.27594E-1	6.56637E-2	0.00000E+0	0.00000E+0	0.00000E+0	0.00000E+0	0.00000E+0
3.58225E-5	1.27588E-1	2.49282E-2	0.00000E+0	0.00000E+0	0.00000E+0	0.00000E+0	0.00000E+0
3.58725E-5	1.27590E-1	3.93661E-2	0.00000E+0	0.00000E+0	0.00000E+0	0.00000E+0	0.00000E+0
3.59225E-5	1.27596E-1	7.49451E-2	0.00000E+0	0.00000E+0	0.00000E+0	0.00000E+0	0.00000E+0
3.59725E-5	1.27589E-1	3.36941E-2	0.00000E+0	0.00000E+0	0.00000E+0	0.00000E+0	0.00000E+0
3.60225E-5	1.27590E-1	3.67879E-2	0.00000E+0	0.00000E+0	0.00000E+0	0.00000E+0	0.00000E+0
3.60725E-5	1.27601E-1	1.08977E-1	0.00000E+0	0.00000E+0	0.00000E+0	0.00000E+0	0.00000E+0
3.61225E-5	1.27590E-1	3.78192E-2	0.00000E+0	0.00000E+0	0.00000E+0	0.00000E+0	0.00000E+0
3.61725E-5	1.27589E-1	3.26628E-2	0.00000E+0	0.00000E+0	0.00000E+0	0.00000E+0	0.00000E+0
3.62225E-5	1.27595E-1	7.13357E-2	0.00000E+0	0.00000E+0	0.00000E+0	0.00000E+0	0.00000E+0
3.62725E-5	1.27590E-1	3.88505E-2	0.00000E+0	0.00000E+0	0.00000E+0	0.00000E+0	0.00000E+0
3.63225E-5	1.27592E-1	5.07101E-2	0.00000E+0	0.00000E+0	0.00000E+0	0.00000E+0	0.00000E+0
3.63725E-5	1.27595E-1	6.87575E-2	0.00000E+0	0.00000E+0	0.00000E+0	0.00000E+0	0.00000E+0
3.64225E-5	1.27592E-1	4.86476E-2	0.00000E+0	0.00000E+0	0.00000E+0	0.00000E+0	0.00000E+0
3.64725E-5	1.27592E-1	4.96789E-2	0.00000E+0	0.00000E+0	0.00000E+0	0.00000E+0	0.00000E+0
3.65225E-5	1.27599E-1	9.96958E-2	0.00000E+0	0.00000E+0	0.00000E+0	0.00000E+0	0.00000E+0
3.65725E-5	1.27598E-1	9.35081E-2	0.00000E+0	0.00000E+0	0.00000E+0	0.00000E+0	0.00000E+0
3.66225E-5	1.27597E-1	8.57735E-2	0.00000E+0	0.00000E+0	0.00000E+0	0.00000E+0	0.00000E+0
3.66725E-5	1.27594E-1	6.46324E-2	0.00000E+0	0.00000E+0	0.00000E+0	0.00000E+0	0.00000E+0
3.67225E-5	1.27599E-1	9.81489E-2	0.00000E+0	0.00000E+0	0.00000E+0	0.00000E+0	0.00000E+0
3.67725E-5	1.27587E-1	1.97719E-2	0.00000E+0	0.00000E+0	0.00000E+0	0.00000E+0	0.00000E+0
3.68225E-5	1.27589E-1	3.06003E-2	0.00000E+0	0.00000E+0	0.00000E+0	0.00000E+0	0.00000E+0
3.68725E-5	1.27587E-1	1.92562E-2	0.00000E+0	0.00000E+0	0.00000E+0	0.00000E+0	0.00000E+0
3.69225E-5	1.27597E-1	8.21641E-2	0.00000E+0	0.00000E+0	0.00000E+0	0.00000E+0	0.00000E+0
3.69725E-5	1.27592E-1	4.86476E-2	0.00000E+0	0.00000E+0	0.00000E+0	0.00000E+0	0.00000E+0
3.70225E-5	1.27595E-1	6.77262E-2	0.00000E+0	0.00000E+0	0.00000E+0	0.00000E+0	0.00000E+0
3.70725E-5	1.27597E-1	8.31954E-2	0.00000E+0	0.00000E+0	0.00000E+0	0.00000E+0	0.00000E+0
3.71225E-5	1.27601E-1	1.08462E-1	0.00000E+0	0.00000E+0	0.00000E+0	0.00000E+0	0.00000E+0
3.71725E-5	1.27590E-1	3.73036E-2	0.00000E+0	0.00000E+0	0.00000E+0	0.00000E+0	0.00000E+0
3.72225E-5	1.27591E-1	4.29756E-2	0.00000E+0	0.00000E+0	0.00000E+0	0.00000E+0	0.00000E+0
3.72725E-5	1.27590E-1	3.67879E-2	0.00000E+0	0.00000E+0	0.00000E+0	0.00000E+0	0.00000E+0
3.73225E-5	1.27590E-1	3.52410E-2	0.00000E+0	0.00000E+0	0.00000E+0	0.00000E+0	0.00000E+0
3.73725E-5	1.27592E-1	4.91632E-2	0.00000E+0	0.00000E+0	0.00000E+0	0.00000E+0	0.00000E+0
3.74225E-5	1.27591E-1	4.50381E-2	0.00000E+0	0.00000E+0	0.00000E+0	0.00000E+0	0.00000E+0
3.74725E-5	1.27592E-1	5.32883E-2	0.00000E+0	0.00000E+0	0.00000E+0	0.00000E+0	0.00000E+0
3.75225E-5	1.27599E-1	9.71176E-2	0.00000E+0	0.00000E+0	0.00000E+0	0.00000E+0	0.00000E+0
3.75725E-5	1.27595E-1	6.87575E-2	0.00000E+0	0.00000E+0	0.00000E+0	0.00000E+0	0.00000E+0
3.76225E-5	1.27592E-1	5.32883E-2	0.00000E+0	0.00000E+0	0.00000E+0	0.00000E+0	0.00000E+0
3.76725E-5	1.27593E-1	5.53509E-2	0.00000E+0	0.00000E+0	0.00000E+0	0.00000E+0	0.00000E+0
3.77225E-5	1.27589E-1	3.31785E-2	0.00000E+0	0.00000E+0	0.00000E+0	0.00000E+0	0.00000E+0
3.77725E-5	1.27587E-1	2.02875E-2	0.00000E+0	0.00000E+0	0.00000E+0	0.00000E+0	0.00000E+0
3.78225E-5	1.27591E-1	4.60694E-2	0.00000E+0	0.00000E+0	0.00000E+0	0.00000E+0	0.00000E+0
3.78725E-5	1.27586E-1	1.25529E-2	0.00000E+0	0.00000E+0	0.00000E+0	0.00000E+0	0.00000E+0
3.79225E-5	1.27592E-1	5.43196E-2	0.00000E+0	0.00000E+0	0.00000E+0	0.00000E+0	0.00000E+0
3.79725E-5	1.27589E-1	2.85377E-2	0.00000E+0	0.00000E+0	0.00000E+0	0.00000E+0	0.00000E+0
3.80225E-5	1.27587E-1	1.82249E-2	0.00000E+0	0.00000E+0	0.00000E+0	0.00000E+0	0.00000E+0
3.80725E-5	1.27597E-1	8.62892E-2	0.00000E+0	0.00000E+0	0.00000E+0	0.00000E+0	0.00000E+0
3.81225E-5	1.27580E-1	-2.56043E-2	0.00000E+0	0.00000E+0	0.00000E+0	0.00000E+0	0.00000E+0
3.81725E-5	1.27594E-1	6.20542E-2	0.00000E+0	0.00000E+0	0.00000E+0	0.00000E+0	0.00000E+0
3.82225E-5	1.27589E-1	3.36941E-2	0.00000E+0	0.00000E+0	0.00000E+0	0.00000E+0	0.00000E+0
3.82725E-5	1.27589E-1	3.11159E-2	0.00000E+0	0.00000E+0	0.00000E+0	0.00000E+0	0.00000E+0
3.83225E-5	1.27596E-1	7.44295E-2	0.00000E+0	0.00000E+0	0.00000E+0	0.00000E+0	0.00000E+0
3.83725E-5	1.27593E-1	5.53509E-2	0.00000E+0	0.00000E+0	0.00000E+0	0.00000E+0	0.00000E+0
3.84225E-5	1.27587E-1	2.13188E-2	0.00000E+0	0.00000E+0	0.00000E+0	0.00000E+0	0.00000E+0
3.84725E-5	1.27590E-1	3.78192E-2	0.00000E+0	0.00000E+0	0.00000E+0	0.00000E+0	0.00000E+0
3.85225E-5	1.27595E-1	6.97888E-2	0.00000E+0	0.00000E+0	0.00000E+0	0.00000E+0	0.00000E+0
3.85725E-5	1.27588E-1	2.49282E-2	0.00000E+0	0.00000E+0	0.00000E+0	0.00000E+0	0.00000E+0
3.86225E-5	1.27593E-1	6.05073E-2	0.00000E+0	0.00000E+0	0.00000E+0	0.00000E+0	0.00000E+0
3.86725E-5	1.27589E-1	2.80221E-2	0.00000E+0	0.00000E+0	0.00000E+0	0.00000E+0	0.00000E+0
3.87225E-5	1.27593E-1	5.89604E-2	0.00000E+0	0.00000E+0	0.00000E+0	0.00000E+0	0.00000E+0
3.87725E-5	1.27597E-1	8.37110E-2	0.00000E+0	0.00000E+0	0.00000E+0	0.00000E+0	0.00000E+0
3.88225E-5	1.27593E-1	6.05073E-2	0.00000E+0	0.00000E+0	0.00000E+0	0.00000E+0	0.00000E+0
3.88725E-5	1.27593E-1	5.89604E-2	0.00000E+0	0.00000E+0	0.00000E+0	0.00000E+0	0.00000E+0
3.89225E-5	1.27591E-1	4.34912E-2	0.00000E+0	0.00000E+0	0.00000E+0	0.00000E+0	0.00000E+0
3.89725E-5	1.27585E-1	3.78708E-3	0.00000E+0	0.00000E+0	0.00000E+0	0.00000E+0	0.00000E+0
3.90225E-5	1.27590E-1	3.47254E-2	0.00000E+0	0.00000E+0	0.00000E+0	0.00000E+0	0.00000E+0
3.90725E-5	1.27594E-1	6.20542E-2	0.00000E+0	0.00000E+0	0.00000E+0	0.00000E+0	0.00000E+0
3.91225E-5	1.27591E-1	4.55538E-2	0.00000E+0	0.00000E+0	0.00000E+0	0.00000E+0	0.00000E+0
3.91725E-5	1.27599E-1	9.55707E-2	0.00000E+0	0.00000E+0	0.00000E+0	0.00000E+0	0.00000E+0
3.92225E-5	1.27601E-1	1.08462E-1	0.00000E+0	0.00000E+0	0.00000E+0	0.00000E+0	0.00000E+0
3.92725E-5	1.27595E-1	6.82418E-2	0.00000E+0	0.00000E+0	0.00000E+0	0.00000E+0	0.00000E+0
3.93225E-5	1.27592E-1	4.81320E-2	0.00000E+0	0.00000E+0	0.00000E+0	0.00000E+0	0.00000E+0
3.93725E-5	1.27590E-1	3.73036E-2	0.00000E+0	0.00000E+0	0.00000E+0	0.00000E+0	0.00000E+0
3.94225E-5	1.27598E-1	8.98986E-2	0.00000E+0	0.00000E+0	0.00000E+0	0.00000E+0	0.00000E+0
3.94725E-5	1.27591E-1	4.24599E-2	0.00000E+0	0.00000E+0	0.00000E+0	0.00000E+0	0.00000E+0
3.95225E-5	1.27593E-1	5.68978E-2	0.00000E+0	0.00000E+0	0.00000E+0	0.00000E+0	0.00000E+0
3.95725E-5	1.27596E-1	8.01015E-2	0.00000E+0	0.00000E+0	0.00000E+0	0.00000E+0	0.00000E+0
3.96225E-5	1.27600E-1	1.02790E-1	0.00000E+0	0.00000E+0	0.00000E+0	0.00000E+0	0.00000E+0
3.96725E-5	1.27589E-1	2.95690E-2	0.00000E+0	0.00000E+0	0.00000E+0	0.00000E+0	0.00000E+0
3.97225E-5	1.27593E-1	5.74134E-2	0.00000E+0	0.00000E+0	0.00000E+0	0.00000E+0	0.00000E+0
3.97725E-5	1.27590E-1	3.78192E-2	0.00000E+0	0.00000E+0	0.00000E+0	0.00000E+0	0.00000E+0
3.98225E-5	1.27592E-1	5.38040E-2	0.00000E+0	0.00000E+0	0.00000E+0	0.00000E+0	0.00000E+0
3.98725E-5	1.27594E-1	6.20542E-2	0.00000E+0	0.00000E+0	0.00000E+0	0.00000E+0	0.00000E+0
3.99225E-5	1.27589E-1	3.16315E-2	0.00000E+0	0.00000E+0	0.00000E+0	0.00000E+0	0.00000E+0
3.99725E-5	1.27589E-1	3.42097E-2	0.00000E+0	0.00000E+0	0.00000E+0	0.00000E+0	0.00000E+0
4.00225E-5	1.27592E-1	4.86476E-2	0.00000E+0	0.00000E+0	0.00000E+0	0.00000E+0	0.00000E+0
4.00725E-5	1.27592E-1	5.32883E-2	0.00000E+0	0.00000E+0	0.00000E+0	0.00000E+0	0.00000E+0
4.01225E-5	1.27586E-1	1.40998E-2	0.00000E+0	0.00000E+0	0.00000E+0	0.00000E+0	0.00000E+0
4.01725E-5	1.27599E-1	9.45394E-2	0.00000E+0	0.00000E+0	0.00000E+0	0.00000E+0	0.00000E+0
4.02225E-5	1.27593E-1	5.99916E-2	0.00000E+0	0.00000E+0	0.00000E+0	0.00000E+0	0.00000E+0
4.02725E-5	1.27602E-1	1.17743E-1	0.00000E+0	0.00000E+0	0.00000E+0	0.00000E+0	0.00000E+0
4.03225E-5	1.27593E-1	6.05073E-2	0.00000E+0	0.00000E+0	0.00000E+0	0.00000E+0	0.00000E+0
4.03725E-5	1.27585E-1	1.72452E-3	0.00000E+0	0.00000E+0	0.00000E+0	0.00000E+0	0.00000E+0
4.04225E-5	1.27592E-1	4.81320E-2	0.00000E+0	0.00000E+0	0.00000E+0	0.00000E+0	0.00000E+0
4.04725E-5	1.27588E-1	2.38970E-2	0.00000E+0	0.00000E+0	0.00000E+0	0.00000E+0	0.00000E+0
4.05225E-5	1.27596E-1	7.44295E-2	0.00000E+0	0.00000E+0	0.00000E+0	0.00000E+0	0.00000E+0
4.05725E-5	1.27593E-1	5.84447E-2	0.00000E+0	0.00000E+0	0.00000E+0	0.00000E+0	0.00000E+0
4.06225E-5	1.27594E-1	6.36011E-2	0.00000E+0	0.00000E+0	0.00000E+0	0.00000E+0	0.00000E+0
4.06725E-5	1.27591E-1	4.14287E-2	0.00000E+0	0.00000E+0	0.00000E+0	0.00000E+0	0.00000E+0
4.07225E-5	1.27587E-1	1.77093E-2	0.00000E+0	0.00000E+0	0.00000E+0	0.00000E+0	0.00000E+0
4.07725E-5	1.27589E-1	3.16315E-2	0.00000E+0	0.00000E+0	0.00000E+0	0.00000E+0	0.00000E+0
4.08225E-5	1.27584E-1	-1.36931E-3	0.00000E+0	0.00000E+0	0.00000E+0	0.00000E+0	0.00000E+0
4.08725E-5	1.27587E-1	1.56468E-2	0.00000E+0	0.00000E+0	0.00000E+0	0.00000E+0	0.00000E+0
4.09225E-5	1.27599E-1	9.86645E-2	0.00000E+0	0.00000E+0	0.00000E+0	0.00000E+0	0.00000E+0
4.09725E-5	1.27595E-1	6.77262E-2	0.00000E+0	0.00000E+0	0.00000E+0	0.00000E+0	0.00000E+0
4.10225E-5	1.27590E-1	3.98817E-2	0.00000E+0	0.00000E+0	0.00000E+0	0.00000E+0	0.00000E+0
4.10725E-5	1.27583E-1	-9.61952E-3	0.00000E+0	0.00000E+0	0.00000E+0	0.00000E+0	0.00000E+0
4.11225E-5	1.27595E-1	7.13357E-2	0.00000E+0	0.00000E+0	0.00000E+0	0.00000E+0	0.00000E+0
4.11725E-5	1.27597E-1	8.31954E-2	0.00000E+0	0.00000E+0	0.00000E+0	0.00000E+0	0.00000E+0
4.12225E-5	1.27590E-1	3.93661E-2	0.00000E+0	0.00000E+0	0.00000E+0	0.00000E+0	0.00000E+0
4.12725E-5	1.27596E-1	7.64921E-2	0.00000E+0	0.00000E+0	0.00000E+0	0.00000E+0	0.00000E+0
4.13225E-5	1.27585E-1	7.39654E-3	0.00000E+0	0.00000E+0	0.00000E+0	0.00000E+0	0.00000E+0
4.13725E-5	1.27589E-1	3.31785E-2	0.00000E+0	0.00000E+0	0.00000E+0	0.00000E+0	0.00000E+0
4.14225E-5	1.27589E-1	3.21472E-2	0.00000E+0	0.00000E+0	0.00000E+0	0.00000E+0	0.00000E+0
4.14725E-5	1.27598E-1	8.73205E-2	0.00000E+0	0.00000E+0	0.00000E+0	0.00000E+0	0.00000E+0
4.15225E-5	1.27595E-1	7.18513E-2	0.00000E+0	0.00000E+0	0.00000E+0	0.00000E+0	0.00000E+0
4.15725E-5	1.27588E-1	2.44126E-2	0.00000E+0	0.00000E+0	0.00000E+0	0.00000E+0	0.00000E+0
4.16225E-5	1.27591E-1	4.34912E-2	0.00000E+0	0.00000E+0	0.00000E+0	0.00000E+0	0.00000E+0
4.16725E-5	1.27592E-1	5.38040E-2	0.00000E+0	0.00000E+0	0.00000E+0	0.00000E+0	0.00000E+0
4.17225E-5	1.27594E-1	6.30855E-2	0.00000E+0	0.00000E+0	0.00000E+0	0.00000E+0	0.00000E+0
4.17725E-5	1.27595E-1	7.18513E-2	0.00000E+0	0.00000E+0	0.00000E+0	0.00000E+0	0.00000E+0
4.18225E-5	1.27587E-1	1.77093E-2	0.00000E+0	0.00000E+0	0.00000E+0	0.00000E+0	0.00000E+0
4.18725E-5	1.27596E-1	7.49451E-2	0.00000E+0	0.00000E+0	0.00000E+0	0.00000E+0	0.00000E+0
4.19225E-5	1.27598E-1	8.98986E-2	0.00000E+0	0.00000E+0	0.00000E+0	0.00000E+0	0.00000E+0
4.19725E-5	1.27599E-1	9.91801E-2	0.00000E+0	0.00000E+0	0.00000E+0	0.00000E+0	0.00000E+0
4.20225E-5	1.27589E-1	2.85377E-2	0.00000E+0	0.00000E+0	0.00000E+0	0.00000E+0	0.00000E+0
4.20725E-5	1.27591E-1	4.65850E-2	0.00000E+0	0.00000E+0	0.00000E+0	0.00000E+0	0.00000E+0
4.21225E-5	1.27583E-1	-7.04133E-3	0.00000E+0	0.00000E+0	0.00000E+0	0.00000E+0	0.00000E+0
4.21725E-5	1.27586E-1	1.30686E-2	0.00000E+0	0.00000E+0	0.00000E+0	0.00000E+0	0.00000E+0
4.22225E-5	1.27593E-1	5.74134E-2	0.00000E+0	0.00000E+0	0.00000E+0	0.00000E+0	0.00000E+0
4.22725E-5	1.27585E-1	2.75580E-3	0.00000E+0	0.00000E+0	0.00000E+0	0.00000E+0	0.00000E+0
4.23225E-5	1.27589E-1	2.85377E-2	0.00000E+0	0.00000E+0	0.00000E+0	0.00000E+0	0.00000E+0
4.23725E-5	1.27599E-1	9.40238E-2	0.00000E+0	0.00000E+0	0.00000E+0	0.00000E+0	0.00000E+0
4.24225E-5	1.27599E-1	9.81489E-2	0.00000E+0	0.00000E+0	0.00000E+0	0.00000E+0	0.00000E+0
4.24725E-5	1.27591E-1	4.65850E-2	0.00000E+0	0.00000E+0	0.00000E+0	0.00000E+0	0.00000E+0
4.25225E-5	1.27589E-1	2.95690E-2	0.00000E+0	0.00000E+0	0.00000E+0	0.00000E+0	0.00000E+0
4.25725E-5	1.27585E-1	5.33399E-3	0.00000E+0	0.00000E+0	0.00000E+0	0.00000E+0	0.00000E+0
4.26225E-5	1.27598E-1	8.88674E-2	0.00000E+0	0.00000E+0	0.00000E+0	0.00000E+0	0.00000E+0
4.26725E-5	1.27592E-1	4.81320E-2	0.00000E+0	0.00000E+0	0.00000E+0	0.00000E+0	0.00000E+0
4.27225E-5	1.27587E-1	2.13188E-2	0.00000E+0	0.00000E+0	0.00000E+0	0.00000E+0	0.00000E+0
4.27725E-5	1.27599E-1	9.81489E-2	0.00000E+0	0.00000E+0	0.00000E+0	0.00000E+0	0.00000E+0
4.28225E-5	1.27600E-1	1.03305E-1	0.00000E+0	0.00000E+0	0.00000E+0	0.00000E+0	0.00000E+0
4.28725E-5	1.27593E-1	5.94760E-2	0.00000E+0	0.00000E+0	0.00000E+0	0.00000E+0	0.00000E+0
4.29225E-5	1.27599E-1	9.81489E-2	0.00000E+0	0.00000E+0	0.00000E+0	0.00000E+0	0.00000E+0
4.29725E-5	1.27594E-1	6.30855E-2	0.00000E+0	0.00000E+0	0.00000E+0	0.00000E+0	0.00000E+0
4.30225E-5	1.27595E-1	7.03044E-2	0.00000E+0	0.00000E+0	0.00000E+0	0.00000E+0	0.00000E+0
4.30725E-5	1.27602E-1	1.15165E-1	0.00000E+0	0.00000E+0	0.00000E+0	0.00000E+0	0.00000E+0
4.31225E-5	1.27600E-1	1.04337E-1	0.00000E+0	0.00000E+0	0.00000E+0	0.00000E+0	0.00000E+0
4.31725E-5	1.27597E-1	8.21641E-2	0.00000E+0	0.00000E+0	0.00000E+0	0.00000E+0	0.00000E+0
4.32225E-5	1.27591E-1	4.50381E-2	0.00000E+0	0.00000E+0	0.00000E+0	0.00000E+0	0.00000E+0
4.32725E-5	1.27581E-1	-2.35417E-2	0.00000E+0	0.00000E+0	0.00000E+0	0.00000E+0	0.00000E+0
4.33225E-5	1.27586E-1	8.94346E-3	0.00000E+0	0.00000E+0	0.00000E+0	0.00000E+0	0.00000E+0
4.33725E-5	1.27586E-1	9.97473E-3	0.00000E+0	0.00000E+0	0.00000E+0	0.00000E+0	0.00000E+0
4.34225E-5	1.27585E-1	5.84963E-3	0.00000E+0	0.00000E+0	0.00000E+0	0.00000E+0	0.00000E+0
4.34725E-5	1.27590E-1	3.78192E-2	0.00000E+0	0.00000E+0	0.00000E+0	0.00000E+0	0.00000E+0
4.35225E-5	1.27588E-1	2.33813E-2	0.00000E+0	0.00000E+0	0.00000E+0	0.00000E+0	0.00000E+0
4.35725E-5	1.27596E-1	7.95859E-2	0.00000E+0	0.00000E+0	0.00000E+0	0.00000E+0	0.00000E+0
4.36225E-5	1.27594E-1	6.20542E-2	0.00000E+0	0.00000E+0	0.00000E+0	0.00000E+0	0.00000E+0
4.36725E-5	1.27594E-1	6.61793E-2	0.00000E+0	0.00000E+0	0.00000E+0	0.00000E+0	0.00000E+0
4.37225E-5	1.27590E-1	3.67879E-2	0.00000E+0	0.00000E+0	0.00000E+0	0.00000E+0	0.00000E+0
4.37725E-5	1.27589E-1	2.85377E-2	0.00000E+0	0.00000E+0	0.00000E+0	0.00000E+0	0.00000E+0
4.38225E-5	1.27596E-1	7.59764E-2	0.00000E+0	0.00000E+0	0.00000E+0	0.00000E+0	0.00000E+0
4.38725E-5	1.27594E-1	6.20542E-2	0.00000E+0	0.00000E+0	0.00000E+0	0.00000E+0	0.00000E+0
4.39225E-5	1.27598E-1	8.98986E-2	0.00000E+0	0.00000E+0	0.00000E+0	0.00000E+0	0.00000E+0
4.39725E-5	1.27591E-1	4.29756E-2	0.00000E+0	0.00000E+0	0.00000E+0	0.00000E+0	0.00000E+0
4.40225E-5	1.27598E-1	8.88674E-2	0.00000E+0	0.00000E+0	0.00000E+0	0.00000E+0	0.00000E+0
4.40725E-5	1.27598E-1	8.73205E-2	0.00000E+0	0.00000E+0	0.00000E+0	0.00000E+0	0.00000E+0
4.41225E-5	1.27593E-1	5.53509E-2	0.00000E+0	0.00000E+0	0.00000E+0	0.00000E+0	0.00000E+0
4.41725E-5	1.27594E-1	6.30855E-2	0.00000E+0	0.00000E+0	0.00000E+0	0.00000E+0	0.00000E+0
4.42225E-5	1.27590E-1	3.62723E-2	0.00000E+0	0.00000E+0	0.00000E+0	0.00000E+0	0.00000E+0
4.42725E-5	1.27585E-1	6.36527E-3	0.00000E+0	0.00000E+0	0.00000E+0	0.00000E+0	0.00000E+0
4.43225E-5	1.27584E-1	-2.91622E-3	0.00000E+0	0.00000E+0	0.00000E+0	0.00000E+0	0.00000E+0
4.43725E-5	1.27589E-1	2.85377E-2	0.00000E+0	0.00000E+0	0.00000E+0	0.00000E+0	0.00000E+0
4.44225E-5	1.27592E-1	5.32883E-2	0.00000E+0	0.00000E+0	0.00000E+0	0.00000E+0	0.00000E+0
4.44725E-5	1.27586E-1	1.20373E-2	0.00000E+0	0.00000E+0	0.00000E+0	0.00000E+0	0.00000E+0
4.45225E-5	1.27585E-1	3.78708E-3	0.00000E+0	0.00000E+0	0.00000E+0	0.00000E+0	0.00000E+0
4.45725E-5	1.27588E-1	2.38970E-2	0.00000E+0	0.00000E+0	0.00000E+0	0.00000E+0	0.00000E+0
4.46225E-5	1.27586E-1	8.94346E-3	0.00000E+0	0.00000E+0	0.00000E+0	0.00000E+0	0.00000E+0
4.46725E-5	1.27590E-1	3.98817E-2	0.00000E+0	0.00000E+0	0.00000E+0	0.00000E+0	0.00000E+0
4.47225E-5	1.27590E-1	3.57566E-2	0.00000E+0	0.00000E+0	0.00000E+0	0.00000E+0	0.00000E+0
4.47725E-5	1.27592E-1	4.96789E-2	0.00000E+0	0.00000E+0	0.00000E+0	0.00000E+0	0.00000E+0
4.48225E-5	1.27595E-1	6.82418E-2	0.00000E+0	0.00000E+0	0.00000E+0	0.00000E+0	0.00000E+0
4.48725E-5	1.27597E-1	8.47423E-2	0.00000E+0	0.00000E+0	0.00000E+0	0.00000E+0	0.00000E+0
4.49225E-5	1.27596E-1	7.95859E-2	0.00000E+0	0.00000E+0	0.00000E+0	0.00000E+0	0.00000E+0
4.49725E-5	1.27604E-1	1.32697E-1	0.00000E+0	0.00000E+0	0.00000E+0	0.00000E+0	0.00000E+0
